50.180158 536
50.361248 1072
50.542811 1608
50.724373 2144
50.904991 2680
50.905935 3216
51.087497 3752
51.088441 4288
51.089385 4824
51.270003 5360
51.270947 5896
51.271891 6432
51.272835 6968
51.452038 7504
51.452982 8040
51.453926 8576
51.454870 9112
51.455814 9648
51.456758 10184
51.635488 10720
51.636432 11256
51.637376 11792
51.638320 12328
51.639264 12864
51.640208 13400
51.641152 13936
51.642096 14472
51.643040 15008
51.820354 15544
51.821298 16080
51.822242 16616
51.823186 17152
51.824130 17688
51.825074 18224
51.826018 18760
51.826962 19296
51.827906 19832
51.828850 20368
51.829794 20904
51.830738 21440
51.831682 21976
51.832626 22512
52.008524 23048
52.009468 23584
52.010412 24120
52.011356 24656
52.012300 25192
52.013244 25728
52.014188 26264
52.015132 26800
52.016076 27336
52.017020 27872
52.017964 28408
52.018908 28944
52.019852 29480
52.020796 30016
52.021740 30552
52.022684 31088
52.023628 31624
52.024572 32160
52.025516 32696
52.026460 33232
52.027404 33768
52.199527 34304
52.200471 34840
52.201415 35376
52.202359 35912
52.203303 36448
52.204247 36984
52.205191 37520
52.206135 38056
52.207079 38592
52.208023 39128
52.208967 39664
52.209911 40200
52.210855 40736
52.211799 41272
52.212743 41808
52.213687 42344
52.214631 42880
52.215575 43416
52.216519 43952
52.217463 44488
52.218407 45024
52.219351 45560
52.220295 46096
52.221239 46632
52.222183 47168
52.223127 47704
52.224071 48240
52.225015 48776
52.225959 49312
52.226903 49848
52.227847 50384
52.395256 24656
52.599467 24667
52.600411 24678
52.601355 24689
52.602299 24700
52.603243 24711
52.604187 24722
52.605131 24733
52.606075 24744
52.607019 24755
52.608450 11792
53.008602 11816
53.009546 11840
53.010490 11864
53.011434 11888
53.012378 11912
53.013322 11936
53.014266 11960
53.015210 11984
53.016154 12007
53.017098 12030
53.018042 12053
53.190830 12076
53.191774 12099
53.192718 12122
53.193662 12145
53.194606 12168
53.195550 12191
53.196494 12214
53.197438 12237
53.198382 12260
53.199326 12283
53.200270 12306
53.371920 12329
53.372864 12352
53.373808 12375
53.374752 12398
53.375696 12421
53.376640 12444
53.377584 12467
53.378528 12490
53.379472 12513
53.380416 12535
53.381360 12557
53.556399 12579
53.557343 12601
53.558287 12623
53.559231 12645
53.560175 12667
53.561119 12689
53.562063 12711
53.563007 12733
53.563951 12755
53.564895 12777
53.565839 12799
53.737017 12821
53.737961 12843
53.738905 12865
53.739849 12887
53.740793 12909
53.741737 12931
53.742681 12953
53.743625 12975
53.744569 12997
53.745513 13019
53.746457 13041
53.917728 13063
53.918672 13084
53.919616 13105
53.920560 13126
53.921504 13147
53.922448 13168
53.923392 13189
53.924336 13210
53.925280 13231
53.926224 13252
53.927168 13273
53.928112 13294
54.098818 13315
54.099762 13336
54.100706 13357
54.101650 13378
54.102594 13399
54.103538 13420
54.104482 13441
54.105426 13462
54.106370 13483
54.107314 13504
54.108258 13525
54.109202 13546
54.279908 13567
54.280852 13588
54.282276 13609
54.283220 6164
54.470918 6210
54.641632 6256
54.642576 6301
54.643520 6346
54.644464 6391
54.651537 6435
54.822251 6479
54.823195 6523
54.824139 6567
54.825083 6610
54.832155 6653
54.833099 6696
55.003341 6738
55.004285 6780
55.005229 6822
55.006173 6864
55.013245 6905
55.014189 6946
55.184431 6987
55.185375 7028
55.186319 7068
55.187263 7108
55.194335 7148
55.195279 7188
55.365521 7227
55.366465 7266
55.367409 7305
55.368353 7344
55.374954 7383
55.375898 7421
55.546139 7459
55.547138 7497
55.548507 2948
55.908382 3045
55.909326 3139
56.089001 3230
56.089945 3318
56.269619 3404
56.270563 3488
56.271507 3570
56.450709 3650
56.451653 3728
56.452597 3805
56.631799 3880
56.632743 3954
56.633687 4026
56.812418 4097
56.813362 4167
56.814306 4235
56.993036 4302
56.993980 4368
56.994924 4433
57.173654 4497
57.174598 4560
57.175542 4623
57.176486 4685
57.354744 4746
57.355688 4806
57.356632 4865
57.357576 4924
57.535835 4982
57.536779 5039
57.537723 5096
57.538667 5152
57.716453 5207
57.717397 5262
57.718341 5316
57.719285 5370
57.897071 5423
57.898015 5475
57.898959 5527
57.899903 5578
57.900847 5629
58.078161 5680
58.079105 5730
58.080049 5780
58.080993 5829
58.081937 5878
58.259252 5926
58.260196 5974
58.261140 6022
58.262084 6069
58.263028 6116
58.440342 6162
58.441286 6208
58.442230 6254
58.443174 6299
58.444118 6344
58.620960 6389
58.621904 6433
58.622848 6477
58.623792 6521
58.624736 6565
58.801578 6608
58.802522 6651
58.803466 6694
58.804410 6736
58.805354 6778
58.806298 6820
58.983086 6862
58.984030 6903
58.984974 6944
58.985918 6985
58.986862 7026
58.987806 7066
59.164176 7106
59.165120 7146
59.166064 7186
59.167008 7225
59.167952 7264
59.168896 7303
59.344794 7342
59.345738 7381
59.346682 7419
59.347626 7457
59.348570 7495
59.349514 7533
59.525412 7571
59.526356 7608
59.527300 7645
59.528244 7682
59.529188 7719
59.530132 7756
59.531076 7793
59.707447 7829
59.708391 7865
59.709335 7901
59.710279 7937
59.711223 7973
59.712167 8009
59.713111 8044
59.888537 8079
59.889481 8114
59.890425 8149
59.891369 8184
59.892313 8219
59.893257 8253
59.894201 8287
60.069155 8321
60.070099 8355
60.071043 8389
60.071987 8423
60.072931 8457
60.073875 8490
60.074819 8523
60.249773 8556
60.250717 8589
60.251661 8622
60.252605 8655
60.253549 8688
60.254493 8721
60.255437 8753
60.431336 8785
60.432280 8817
60.433224 8849
60.434168 8881
60.435112 8913
60.436056 8945
60.437000 8977
60.437944 9009
60.612426 9040
60.613370 9071
60.614314 9102
60.615258 9133
60.616202 9164
60.617146 9195
60.618090 9226
60.619034 9257
60.793516 9288
60.794460 9318
60.795404 9348
60.796348 9378
60.797292 9408
60.798236 9438
60.799180 9468
60.800124 9498
60.974134 9528
60.975078 9558
60.976022 9588
60.976966 9617
60.977910 9646
60.978854 9675
60.979798 9704
60.980742 9733
61.155696 9762
61.156640 9791
61.157584 9820
61.158528 9849
61.159472 9878
61.160416 9907
61.161360 9935
61.162304 9963
61.163248 9991
61.336787 10019
61.337731 10047
61.338675 10075
61.339619 10103
61.340563 10131
61.341507 10159
61.342451 10187
61.343395 10215
61.344339 10243
61.517877 10271
61.518821 10298
61.519765 10325
61.520709 10352
61.521653 10379
61.522597 10406
61.523541 10433
61.524485 10460
61.525429 10487
61.698495 10514
61.699439 10541
61.700383 10568
61.701327 10595
61.702271 10622
61.703215 10649
61.704159 10675
61.705103 10701
61.706047 10727
61.880065 4824
62.066347 4883
62.067291 4941
62.068235 4999
62.241309 5056
62.246966 5112
62.247910 5168
62.248854 5223
62.421927 5278
62.427584 5332
62.428528 5385
62.429472 5438
62.603010 5490
62.608202 5542
62.609146 5593
62.610090 5644
62.611034 5694
62.785044 5744
62.789292 5794
62.790236 5843
62.791180 5892
62.792124 5940
62.966135 5988
62.970382 6035
62.971326 6082
62.972270 6129
62.973214 6175
63.146753 6221
63.151001 6267
63.151945 6312
63.152889 6357
63.153833 6402
63.327371 6446
63.331619 6490
63.332563 6534
63.334459 2680
63.694279 2787
63.695231 2890
63.874897 2989
63.875849 3085
64.055516 3178
64.056467 3268
64.236134 3355
64.237086 3440
64.238030 3523
64.417224 3604
64.418176 3683
64.419120 3761
64.598314 3837
64.599266 3911
64.600210 3984
64.778933 4056
64.779884 4126
64.780828 4195
64.959606 4263
64.960982 1340
65.322266 1554
65.503356 1738
65.684446 1903
65.865065 2053
66.045683 2192
66.226301 2323
66.227245 2446
66.407391 2563
66.408335 2675
66.588481 2782
66.589425 2885
66.769572 2984
66.770516 3080
66.950190 3173
66.951134 3263
67.130808 3351
67.131752 3436
67.132696 3519
67.311898 3600
67.312842 3679
67.313786 3757
67.492989 3833
67.493933 3907
67.494877 3980
67.673607 4052
67.674551 4122
67.675495 4191
67.854225 4259
67.855169 4326
67.856113 4392
68.034843 4457
68.035787 4521
68.036731 4584
68.037675 4646
68.215934 4707
68.216878 4768
68.217822 4828
68.218766 4887
68.397024 4945
68.397968 5003
68.398912 5060
68.399856 5116
68.577642 5172
68.578586 5227
68.579530 5281
68.758268 1876
68.942198 2029
69.122816 2170
69.303434 2302
69.304378 2426
69.484525 2544
69.485469 2656
69.665615 2764
69.666559 2867
69.846705 2967
69.847649 3063
70.027323 3156
70.028267 3247
70.207942 3335
70.208886 3421
70.209830 3504
70.389032 3585
70.389976 3665
70.390920 3743
70.570122 3819
70.571066 3894
70.572010 3967
70.751212 4039
70.752156 4110
70.753100 4179
70.931830 4247
70.932774 4314
70.933718 4380
71.112449 4445
71.113393 4509
71.114337 4572
71.115281 4634
71.293539 4695
71.294483 4756
71.295427 4816
71.296371 4875
71.474629 4933
71.475573 4991
71.476517 5048
71.477461 5104
71.655247 5160
71.656191 5215
71.657135 5270
71.658079 5324
71.835866 5377
71.836810 5430
71.837754 5482
71.838698 5534
72.016484 5585
72.017428 5636
72.018372 5686
72.019316 5736
72.020260 5786
72.197574 5835
72.198518 5884
72.199462 5932
72.200406 5980
72.201350 6028
72.378664 6075
72.379608 6122
72.380552 6168
72.381496 6214
72.382440 6260
72.559283 6305
72.560227 6350
72.561171 6395
72.562115 6439
72.563059 6483
72.739901 6527
72.740845 6571
72.741789 6614
72.742733 6657
72.744157 2680
73.104449 2787
73.105393 2890
73.285067 2989
73.286011 3085
73.465685 3178
73.466629 3268
73.646304 3355
73.647248 3440
73.648192 3523
73.827394 3604
73.828338 3683
73.829282 3761
74.008964 3837
74.009908 1340
74.371624 1554
74.552714 1738
74.733804 1903
74.914423 2053
75.095041 2192
75.275659 2323
75.276603 2446
75.456749 2563
75.457693 2675
75.637840 2782
75.638784 2885
75.818930 2984
75.819874 3080
75.999548 3173
76.000492 3263
76.180166 3351
76.181110 3436
76.182054 3519
76.361257 3600
76.362201 3679
76.363145 3757
76.542347 3833
76.543291 3907
76.544235 3980
76.722965 4052
76.723909 4122
76.724853 4191
76.903583 4259
76.904527 4326
76.905471 4392
77.084202 4457
77.085146 4521
77.086090 4584
77.087034 4646
77.265292 4707
77.266236 4768
77.267180 4828
77.268124 4887
77.446382 4945
77.447326 5003
77.448270 5060
77.449214 5116
77.627000 5172
77.627944 5227
77.629840 1876
77.990612 2029
78.171230 2170
78.351849 2302
78.352793 2426
78.532939 2544
78.533883 2656
78.714029 2764
78.714973 2867
78.895119 2967
78.896063 3063
79.075738 3156
79.076682 3247
79.256356 3335
79.257300 3421
79.258244 3504
79.437446 3585
79.438390 3665
79.439334 3743
79.618536 3819
79.619480 3894
79.620424 3967
79.799626 4039
79.801050 1340
80.162759 1554
80.343849 1738
80.524939 1903
80.705557 2053
80.886176 2192
81.066794 2323
81.067738 2446
81.247884 2563
81.248828 2675
81.428974 2782
81.429918 2885
81.610065 2984
81.611009 3080
81.790683 3173
81.791627 3263
81.971301 3351
81.972245 3436
81.973189 3519
82.152391 3600
82.153335 3679
82.154279 3757
82.333481 3833
82.334425 3907
82.335369 3980
82.514100 4052
82.515044 4122
82.515988 4191
82.694718 4259
82.695662 4326
82.696606 4392
82.875336 4457
82.876280 4521
82.877224 4584
82.878168 4646
83.056426 4707
83.057370 4768
83.058314 4828
83.059258 4887
83.237517 4945
83.238461 5003
83.239405 5060
83.240349 5116
83.418135 5172
83.419079 5227
83.420023 5281
83.420967 5335
83.598753 5388
83.599697 5441
83.600641 5493
83.601585 5545
83.779371 5596
83.780315 5647
83.781259 5697
83.782203 5747
83.783147 5796
83.960462 5845
83.961406 5894
83.962350 5942
83.963294 5990
83.964238 6037
84.141552 6084
84.142496 6131
84.143440 6177
84.144384 6223
84.145328 6269
84.322170 6314
84.323114 6359
84.324058 6404
84.325002 6448
84.325946 6492
84.502788 6536
84.503732 6579
84.504676 6622
84.505620 6665
84.506564 6708
84.507508 6750
84.683879 6792
84.684823 6834
84.685767 6876
84.686711 6917
84.687655 6958
84.688599 6999
84.864969 7040
84.865913 7080
84.866857 7120
84.867801 7160
84.868745 7200
84.869689 7239
85.045587 7278
85.046531 7317
85.047475 7356
85.048419 7395
85.049363 7433
85.050307 7471
85.226205 7509
85.227149 7547
85.228093 7585
85.229037 7622
85.229981 7659
85.230925 7696
85.406823 7733
85.407767 7770
85.408711 7806
85.409655 7842
85.410599 7878
85.411543 7914
85.412487 7950
85.587914 7986
85.588858 8021
85.589802 8056
85.590746 8091
85.591690 8126
85.592634 8161
85.593578 8196
85.769004 8231
85.769948 8265
85.770892 8299
85.771836 8333
85.772780 8367
85.773724 8401
85.774668 8435
85.949622 8469
85.950566 8502
85.951510 8535
85.952454 8568
85.953398 8601
85.954342 8634
85.955286 8667
86.130240 8700
86.131184 8733
86.132128 8765
86.133072 8797
86.134016 8829
86.134960 8861
86.135904 8893
86.136848 8925
86.311331 8957
86.312275 8989
86.313219 9020
86.314163 9051
86.315107 9082
86.316051 9113
86.316995 9144
86.317939 9175
86.492421 9206
86.493365 9237
86.494309 9268
86.495253 9298
86.496197 9328
86.497141 9358
86.498085 9388
86.499029 9418
86.673039 9448
86.673983 9478
86.674927 9508
86.675871 9538
86.676815 9568
86.677759 9598
86.678703 9627
86.679647 9656
86.853657 9685
86.854601 9714
86.855545 9743
86.856489 9772
86.857433 9801
86.858377 9830
86.859321 9859
86.860265 9888
86.861209 9917
87.034748 9945
87.035692 9973
87.036636 10001
87.037580 10029
87.038524 10057
87.039468 10085
87.040412 10113
87.041356 10141
87.042300 10169
87.215838 10197
87.216782 10225
87.217726 10253
87.218670 10281
87.219614 10308
87.220558 10335
87.221502 10362
87.222446 10389
87.223390 10416
87.396928 10443
87.397872 10470
87.398816 10497
87.399760 10524
87.400704 10551
87.401648 10578
87.402592 10605
87.403536 10632
87.404480 10659
87.577546 10685
87.578490 10711
87.579434 10737
87.580378 10763
87.581322 10789
87.582266 10815
87.583210 10841
87.584154 10867
87.585098 10893
87.758165 10919
87.759109 10945
87.760053 10971
87.760997 10997
87.761941 11023
87.762885 11049
87.763829 11075
87.764773 11100
87.765717 11125
87.766661 11150
87.939255 11175
87.940199 11200
87.941143 11225
87.942087 11250
87.943031 11275
87.943975 11300
87.944919 11325
87.945863 11350
87.946807 11375
87.947751 11400
88.120345 11425
88.121289 11450
88.122233 11475
88.123177 11500
88.124121 11524
88.125065 11548
88.126009 11572
88.126953 11596
88.127897 11620
88.128841 11644
88.300963 11668
88.301907 11692
88.302851 11716
88.303795 11740
88.304739 11764
88.305683 11788
88.306627 11812
88.307571 11836
88.308515 11860
88.309459 11884
88.481581 11908
88.482525 11932
88.483469 11956
88.484413 11980
88.485357 12003
88.486301 12026
88.487245 12049
88.488189 12072
88.489133 12095
88.490077 12118
88.491021 12141
88.662672 12164
88.663616 12187
88.664560 12210
88.665504 12233
88.666448 12256
88.667392 12279
88.668336 12302
88.669280 12325
88.670224 12348
88.671168 12371
88.672112 12394
88.843762 12417
88.844706 12440
88.845650 12463
88.846594 12486
88.847538 12509
88.848482 12531
88.849426 12553
88.850370 12575
88.851314 12597
88.852258 12619
88.853202 12641
89.024380 12663
89.025324 12685
89.026268 12707
89.027212 12729
89.028156 12751
89.029100 12773
89.030044 12795
89.030988 12817
89.031932 12839
89.032876 12861
89.033820 12883
89.204998 12905
89.205942 12927
89.206886 12949
89.207830 12971
89.208774 12993
89.209718 13015
89.210662 13037
89.211606 13059
89.212550 13080
89.213494 13101
89.214438 13122
89.215382 13143
89.386089 13164
89.387033 13185
89.387977 13206
89.388921 13227
89.389865 13248
89.390809 13269
89.391753 13290
89.392697 13311
89.393641 13332
89.394585 13353
89.395529 13374
89.396473 13395
89.567179 13416
89.568123 13437
89.569067 13458
89.570011 13479
89.570955 13500
89.571899 13521
89.572843 13542
89.573787 13563
89.574731 13584
89.575675 13605
89.576619 13626
89.577563 13647
89.748269 13668
89.749213 13689
89.750157 13709
89.751101 13729
89.752045 13749
89.752989 13769
89.753933 13789
89.754877 13809
89.755821 13829
89.756765 13849
89.757709 13869
89.758653 13889
89.928887 13909
89.929831 13929
89.930775 13949
89.931719 13969
89.932663 13989
89.933607 14009
89.934551 14029
89.935495 14049
89.936439 14069
89.937383 14089
89.938327 14109
89.939271 14129
90.109506 14149
90.110450 14169
90.111394 14189
90.112338 14209
90.113282 14229
90.114226 14249
90.115170 14269
90.116114 14289
90.117058 14309
90.118002 14329
90.118946 14349
90.119890 14369
90.120834 14388
90.290596 14407
90.291540 14426
90.292484 14445
90.293428 14464
90.294372 14483
90.295316 14502
90.296260 14521
90.297204 14540
90.298148 14559
90.299092 14578
90.300036 14597
90.300980 14616
90.301924 14635
90.471686 14654
90.472630 14673
90.473574 14692
90.474518 14711
90.475462 14730
90.476406 14749
90.477350 14768
90.478294 14787
90.479238 14806
90.480182 14825
90.481126 14844
90.482070 14863
90.483014 14882
90.652304 14901
90.653248 14920
90.654192 14939
90.655136 14958
90.656080 14977
90.657024 14996
90.657968 15015
90.658912 15034
90.659856 15053
90.660800 15072
90.661744 15091
90.662688 15110
90.663632 15129
90.832923 15147
90.833867 15165
90.834811 15183
90.835755 15201
90.836699 15219
90.837643 15237
90.838587 15255
90.839531 15273
90.840475 15291
90.841419 15309
90.842363 15327
90.843307 15345
90.844251 15363
90.845195 15381
91.014013 15399
91.014957 15417
91.015901 15435
91.016845 15453
91.017789 15471
91.018733 15489
91.019677 15507
91.020621 15525
91.021565 15543
91.022509 15561
91.023453 15579
91.024397 15597
91.025341 15615
91.026285 15633
91.195103 15651
91.196047 15669
91.196991 15687
91.197935 15705
91.198879 15723
91.199823 15741
91.200767 15759
91.201711 15777
91.202655 15795
91.203599 15813
91.204543 15831
91.205487 15849
91.206431 15867
91.207375 15885
91.375721 15903
91.376665 15921
91.377609 15939
91.378553 15957
91.379497 15975
91.380441 15992
91.381385 16009
91.382329 16026
91.383273 16043
91.384217 16060
91.385161 16077
91.386105 16094
91.387049 16111
91.387993 16128
91.556340 16145
91.557284 16162
91.558228 16179
91.559172 16196
91.560116 16213
91.561060 16230
91.562004 16247
91.562948 16264
91.563892 16281
91.564836 16298
91.565779 16315
91.566723 16332
91.567667 16349
91.568611 16366
91.569555 16383
91.737430 16400
91.738374 16417
91.739797 16434
91.740741 7504
91.929384 7542
91.930328 7580
91.931272 7617
92.099146 7654
92.100090 7691
92.101514 7728
92.102458 7765
92.110474 7801
92.111418 7837
92.112362 7873
92.280236 7909
92.281180 7945
92.282604 7981
92.283548 8016
92.291564 8051
92.292508 8086
92.293452 8121
92.461326 8156
92.462270 8191
92.463694 8226
92.464638 8260
92.472654 8294
92.473598 8328
92.474542 8362
92.641945 8396
92.642889 8430
92.644312 8464
92.645256 8497
92.653273 8530
92.654217 8563
92.655161 8596
92.822563 8629
92.823507 8662
92.824931 8695
92.825875 8728
92.833891 8760
92.834835 8792
92.835779 8824
92.836723 8856
93.003653 8888
93.004597 8920
93.006021 8952
93.006965 8984
93.014981 9015
93.015925 9046
93.016869 9077
93.017813 9108
93.184743 9139
93.185687 9170
93.187111 9201
93.188055 9232
93.196071 9263
93.197015 9294
93.197959 9324
93.198903 9354
93.365834 9384
93.366778 9414
93.367729 9444
93.368673 9474
93.376690 9504
93.377634 9534
93.378578 9564
93.379522 9594
93.546452 9623
93.547396 9652
93.548347 9681
93.549291 9710
93.557308 9739
93.558252 9768
93.559196 9797
93.560140 9826
93.727070 9855
93.728014 9884
93.728958 9913
93.729902 9941
93.730846 9969
93.738398 9997
93.739342 10025
93.740286 10053
93.741230 10081
93.908160 10109
93.909104 10137
93.910048 10165
93.910992 10193
93.911936 10221
93.919488 10249
93.920432 10277
93.922328 4556
94.280732 4619
94.281676 4681
94.282620 4742
94.283572 4802
94.461823 4861
94.462767 4920
94.464198 4978
94.642449 1876
94.826386 2029
95.007004 2170
95.187623 2302
95.368721 1072
95.729965 1340
95.911055 1554
96.092145 1738
96.273235 1903
96.453854 2053
96.634472 2192
96.815090 2323
96.816034 2446
96.996180 2563
96.997124 2675
97.177271 2782
97.178215 2885
97.358361 2984
97.359305 3080
97.538979 3173
97.539923 3263
97.719597 3351
97.720541 3436
97.721485 3519
97.900688 3600
97.901632 3679
97.902576 3757
98.081778 3833
98.082722 3907
98.083666 3980
98.262396 4052
98.263340 4122
98.264284 4191
98.443014 4259
98.443958 4326
98.444902 4392
98.623632 4457
98.624576 4521
98.625520 4584
98.626464 4646
98.804723 4707
98.805667 4768
98.806611 4828
98.807555 4887
98.985813 4945
98.986757 5003
98.987701 5060
98.988645 5116
99.166431 5172
99.167375 5227
99.168319 5281
99.169263 5335
99.347049 5388
99.347993 5441
99.348937 5493
99.349881 5545
99.527668 5596
99.528612 5647
99.529556 5697
99.530500 5747
99.531444 5796
99.708758 5845
99.709702 5894
99.710646 5942
99.711590 5990
99.712534 6037
99.889848 6084
99.890792 6131
99.891736 6177
99.892680 6223
99.893624 6269
100.070466 6314
100.071410 6359
100.072354 6404
100.073298 6448
100.074242 6492
100.251085 6536
100.252029 6579
100.252973 6622
100.253917 6665
100.254861 6708
100.255805 6750
100.432175 6792
100.433119 6834
100.434063 6876
100.435007 6917
100.435951 6958
100.436895 6999
100.613265 7040
100.614209 7080
100.615153 7120
100.616097 7160
100.617041 7200
100.617985 7239
100.793883 7278
100.794827 7317
100.795771 7356
100.796715 7395
100.797659 7433
100.798603 7471
100.974502 7509
100.975446 7547
100.976390 7585
100.977334 7622
100.978278 7659
100.979222 7696
101.155120 7733
101.156064 7770
101.157008 7806
101.157952 7842
101.158896 7878
101.159840 7914
101.160784 7950
101.336210 7986
101.337154 8021
101.338098 8056
101.339042 8091
101.339986 8126
101.340930 8161
101.341874 8196
101.517300 8231
101.518244 8265
101.519188 8299
101.520132 8333
101.521076 8367
101.522020 8401
101.522964 8435
101.697918 8469
101.698862 8502
101.699806 8535
101.700750 8568
101.701694 8601
101.702638 8634
101.703582 8667
101.878537 8700
101.879481 8733
101.880425 8765
101.881369 8797
101.882313 8829
101.883257 8861
101.884201 8893
101.885145 8925
102.059627 8957
102.060571 8989
102.061515 9020
102.062459 9051
102.063403 9082
102.064347 9113
102.065291 9144
102.066235 9175
102.240717 9206
102.241661 9237
102.242605 9268
102.243549 9298
102.244493 9328
102.245437 9358
102.246381 9388
102.247325 9418
102.421335 9448
102.422279 9478
102.423223 9508
102.424167 9538
102.425111 9568
102.426055 9598
102.426999 9627
102.427943 9656
102.601954 9685
102.602898 9714
102.603842 9743
102.604786 9772
102.605730 9801
102.606674 9830
102.607618 9859
102.608562 9888
102.609506 9917
102.783044 9945
102.783988 9973
102.784932 10001
102.785876 10029
102.786820 10057
102.787764 10085
102.788708 10113
102.789652 10141
102.790596 10169
102.964134 10197
102.965078 10225
102.966022 10253
102.966966 10281
102.967910 10308
102.969806 4556
103.328682 4619
103.329626 4681
103.330570 4742
103.331514 4802
103.509773 4861
103.510717 4920
103.511661 4978
103.512605 5035
103.690863 5092
103.691807 5148
103.692751 5203
103.693695 5258
103.871481 5312
103.872425 5366
103.873369 5419
103.874313 5472
104.052099 5524
104.053043 5576
104.053987 5627
104.054931 5678
104.055875 5728
104.233189 5778
104.234133 5827
104.235077 5876
104.236021 5924
104.236965 5972
104.414280 6020
104.415224 6067
104.416168 6114
104.417112 6160
104.418056 6206
104.594898 6252
104.595842 6297
104.596786 6342
104.597730 6387
104.598674 6431
104.775516 6475
104.776460 6519
104.777404 6563
104.778348 6606
104.779292 6649
104.956134 6692
104.957078 6734
104.958022 6776
104.958966 6818
104.959910 6860
104.960854 6901
105.137225 6942
105.138169 6983
105.139113 7024
105.140057 7064
105.141001 7104
105.141945 7144
105.318315 7184
105.319259 7223
105.320203 7262
105.321147 7301
105.322091 7340
105.498941 2948
105.683807 3045
105.684751 3139
105.864425 3230
105.865369 3318
106.045044 3404
106.045988 3488
106.046932 3570
106.226134 3650
106.227078 3728
106.228022 3805
106.407224 3880
106.408168 3954
106.409112 4026
106.587842 4097
106.588786 4167
106.589730 4235
106.768460 4302
106.769404 4368
106.770348 4433
106.949079 4497
106.950023 4560
106.950974 4623
107.129705 1608
107.313163 1786
107.493836 1946
107.674934 1072
108.036178 1340
108.217268 1554
108.398358 1738
108.579448 1903
108.760067 2053
108.940685 2192
109.121303 2323
109.122247 2446
109.302393 2563
109.303337 2675
109.483484 2782
109.484428 2885
109.664574 2984
109.665518 3080
109.845192 3173
109.846136 3263
110.025810 3351
110.026754 3436
110.027698 3519
110.206901 3600
110.207845 3679
110.208789 3757
110.387991 3833
110.388935 3907
110.389879 3980
110.568609 4052
110.569553 4122
110.570497 4191
110.749227 4259
110.750171 4326
110.751115 4392
110.929845 4457
110.930789 4521
110.931733 4584
110.932677 4646
111.110936 4707
111.111880 4768
111.112824 4828
111.113768 4887
111.292026 4945
111.292970 5003
111.293914 5060
111.294858 5116
111.472644 5172
111.473588 5227
111.474532 5281
111.475476 5335
111.653262 5388
111.654206 5441
111.655150 5493
111.656094 5545
111.833881 5596
111.834825 5647
111.835769 5697
111.836713 5747
111.837657 5796
112.014971 5845
112.015915 5894
112.016859 5942
112.017803 5990
112.195597 6037
112.196541 2412
112.557313 2531
112.558257 2644
112.738403 2752
112.739347 2856
112.919493 2956
112.920437 3053
113.100112 3147
113.101056 3238
113.280730 3326
113.281674 3412
113.282618 3496
113.461820 3578
113.462764 3658
113.463708 3736
113.642910 3812
113.643854 3887
113.644798 3960
113.824001 4032
113.824945 4103
113.825889 4173
114.004619 4241
114.005563 4308
114.006507 4374
114.185237 4439
114.186181 4503
114.187125 4566
114.188069 4628
114.366327 4690
114.367271 4751
114.368215 4811
114.369159 4870
114.547418 4928
114.548362 4986
114.549306 5043
114.550250 5099
114.728036 5155
114.728980 5210
114.729924 5265
114.730868 5319
114.908654 5373
114.909598 5426
114.910542 5478
114.911486 5530
115.089272 5581
115.090216 5632
115.091160 5683
115.092104 5733
115.093048 5783
115.270363 5832
115.271307 5881
115.272251 5929
115.273195 5977
115.274139 6025
115.451453 6072
115.452397 6119
115.453341 6165
115.454285 6211
115.455229 6257
115.632071 6302
115.633015 6347
115.633959 6392
115.634903 6436
115.635847 6480
115.812689 6524
115.813633 6568
115.814577 6611
115.815521 6654
115.816465 6697
115.817409 6739
115.993779 6781
115.994723 6823
115.995667 6865
115.996611 6906
115.997555 6947
115.998499 6988
116.174870 7029
116.175814 7069
116.176758 7109
116.177702 7149
116.178646 7189
116.179590 7228
116.355488 7267
116.356432 7306
116.357376 7345
116.358320 7384
116.359264 7422
116.360208 7460
116.536106 7498
116.537050 7536
116.537994 7574
116.538938 7611
116.539882 7648
116.540826 7685
116.716724 7722
116.717723 7759
116.718667 3216
117.078441 3305
117.079439 3391
117.080383 3475
117.259531 3557
117.260530 3637
117.261474 3715
117.440621 3792
117.441620 3867
117.442564 3941
117.621711 4013
117.622655 4084
117.623599 4154
117.802330 4223
117.803274 4291
117.804218 4357
117.982948 4422
117.983892 4486
117.984836 4550
117.985780 4613
118.164038 4675
118.164982 4736
118.165926 4796
118.166870 4855
118.345128 4914
118.346072 4972
118.347016 5029
118.347960 5086
118.525746 5142
118.526690 5197
118.527634 5252
118.528578 5306
118.706365 5360
118.707309 5413
118.708253 5466
118.709197 5518
118.886983 5570
118.887927 5621
118.888871 5672
118.889815 5722
118.890759 5772
119.068073 5821
119.069017 5870
119.069961 5918
119.070905 5966
119.071849 6014
119.249163 6061
119.250107 6108
119.251051 6155
119.251995 6201
119.252939 6247
119.429782 6292
119.430726 6337
119.431670 6382
119.432614 6427
119.433558 6471
119.610400 6515
119.611344 6559
119.612288 6602
119.613232 6645
119.614176 6688
119.615120 6730
119.791490 6772
119.792434 6814
119.793378 6856
119.794322 6897
119.795266 6938
119.796210 6979
119.972580 7020
119.973524 7060
119.974468 7100
119.975412 7140
119.976356 7180
119.977300 7220
120.153199 7259
120.154143 7298
120.155087 7337
120.156031 7376
120.156975 7414
120.157919 7452
120.333817 7490
120.334761 7528
120.335705 7566
120.336649 7603
120.337593 7640
120.338537 7677
120.514435 7714
120.515379 7751
120.516323 7788
120.517267 7824
120.518211 7860
120.519155 7896
120.520099 7932
120.695525 7968
120.696469 8004
120.697413 8039
120.698357 8074
120.699301 8109
120.700245 8144
120.701189 8179
120.876616 8214
120.877560 8248
120.878504 8282
120.879448 8316
120.880392 8350
120.881336 8384
120.882280 8418
121.057234 8452
121.058178 8485
121.059122 8518
121.060066 8551
121.061010 8584
121.061954 8617
121.062898 8650
121.237852 8683
121.238796 8716
121.239740 8748
121.240684 8780
121.241628 8812
121.242572 8844
121.243516 8876
121.244460 8908
121.419894 3752
121.605232 3828
121.606176 3903
121.780666 3976
121.785850 4048
121.786794 4118
121.961284 4187
121.966469 4255
121.967413 4322
122.141903 4388
122.147087 4453
122.148031 4517
122.148975 4580
122.322993 4642
122.328177 4703
122.329121 4764
122.330065 4824
122.504083 4883
122.509267 4941
122.510211 4999
122.511155 5056
122.684701 5112
122.689886 5168
122.690830 5223
122.691774 5278
122.865320 5332
122.870504 5385
122.871448 5438
122.872392 5490
123.045938 5542
123.051122 5593
123.052066 5644
123.053010 5694
123.053954 5744
123.227028 5794
123.232212 5843
123.233156 5892
123.234100 5940
123.235044 5988
123.408118 6035
123.413303 6082
123.414247 6129
123.415191 6175
123.416135 6221
123.588736 6267
123.593921 6312
123.594865 6357
123.595809 6402
123.596753 6446
123.769355 6490
123.774539 6534
123.775483 6577
123.776427 6620
123.777371 6663
123.778315 6706
123.950445 6748
123.955629 6790
123.956573 6832
123.957517 6874
123.958461 6915
123.959405 6956
124.131535 6997
124.136719 7038
124.137663 7078
124.138607 7118
124.139551 7158
124.140495 7198
124.312625 7237
124.317338 7276
124.318282 7315
124.319226 7354
124.320170 7393
124.321114 7431
124.493244 7469
124.497956 7507
124.498900 7545
124.499844 7583
124.500788 7620
124.501732 7657
124.673862 7694
124.678574 7731
124.679526 7768
124.680470 3216
125.040290 3305
125.041242 3391
125.042186 3475
125.221381 3557
125.222332 3637
125.223276 3715
125.402471 3792
125.403422 3867
125.404366 3941
125.583561 4013
125.584505 4084
125.585449 4154
125.764179 4223
125.765123 4291
125.766067 4357
125.944798 4422
125.945742 4486
125.946686 4550
125.947630 4613
126.125888 4675
126.126832 4736
126.127776 4796
126.128720 4855
126.306978 4914
126.307922 4972
126.308866 5029
126.309810 5086
126.487596 5142
126.488540 5197
126.489484 5252
126.490428 5306
126.668214 5360
126.669158 5413
126.670102 5466
126.671046 5518
126.848833 5570
126.849777 5621
126.850721 5672
126.851665 5722
126.852609 5772
127.030403 5821
127.031347 2144
127.392119 2278
127.393063 2404
127.573209 2523
127.574153 2636
127.754299 2744
127.755243 2848
127.935389 2948
127.936333 3045
128.116008 3139
128.116952 3230
128.296626 3318
128.297570 3404
128.298514 3488
128.477716 3570
128.478660 3650
128.479604 3728
128.658806 3805
128.659750 3880
128.660694 3954
128.839897 4026
128.840841 4097
128.841785 4167
129.020515 4235
129.021459 4302
129.022403 4368
129.201133 4433
129.202077 4497
129.203029 4560
129.381759 1608
129.565217 1786
129.745835 1946
129.926453 2093
130.107072 2230
130.287690 2358
130.288634 2479
130.468780 2594
130.469724 2704
130.649870 2810
130.650814 2912
130.830489 3010
130.831433 3105
131.011107 3197
131.012051 3286
131.191725 3373
131.192669 3458
131.193613 3541
131.372815 3622
131.373759 3701
131.553441 3778
131.554385 1340
131.916573 1554
132.097664 1738
132.278754 1903
132.459372 2053
132.639990 2192
132.820609 2323
132.821553 2446
133.001699 2563
133.002643 2675
133.182789 2782
133.183733 2885
133.363879 2984
133.364823 3080
133.544498 3173
133.545442 3263
133.725116 3351
133.726060 3436
133.727004 3519
133.906206 3600
133.907150 3679
133.908094 3757
134.087296 3833
134.088240 3907
134.089184 3980
134.267914 4052
134.268858 4122
134.269802 4191
134.448533 4259
134.449477 4326
134.450421 4392
134.629151 4457
134.630095 4521
134.631039 4584
134.631983 4646
134.810241 4707
134.811185 4768
134.812129 4828
134.813073 4887
134.991331 4945
134.992275 5003
134.993219 5060
134.994163 5116
135.171950 5172
135.172894 5227
135.173838 5281
135.174782 5335
135.352568 5388
135.353512 5441
135.354456 5493
135.355400 5545
135.533186 5596
135.534130 5647
135.535074 5697
135.536018 5747
135.536962 5796
135.714276 5845
135.715220 5894
135.716164 5942
135.717108 5990
135.718052 6037
135.895367 6084
135.896311 6131
135.897255 6177
135.898199 6223
135.899143 6269
136.075985 6314
136.076929 6359
136.077873 6404
136.078817 6448
136.079761 6492
136.256603 6536
136.257547 6579
136.258491 6622
136.259435 6665
136.260379 6708
136.261323 6750
136.437693 6792
136.438637 6834
136.439581 6876
136.440525 6917
136.441469 6958
136.442413 6999
136.618784 7040
136.619728 7080
136.620672 7120
136.621616 7160
136.622560 7200
136.623504 7239
136.799402 7278
136.800346 7317
136.801290 7356
136.802234 7395
136.803178 7433
136.804122 7471
136.980020 7509
136.980964 7547
136.981908 7585
136.982852 7622
136.983796 7659
136.984740 7696
137.160638 7733
137.161582 7770
137.162526 7806
137.163470 7842
137.164414 7878
137.165358 7914
137.166302 7950
137.341728 7986
137.342672 8021
137.343616 8056
137.344560 8091
137.345504 8126
137.346448 8161
137.347392 8196
137.522819 8231
137.523763 8265
137.524707 8299
137.525651 8333
137.526595 8367
137.527539 8401
137.528483 8435
137.703437 8469
137.704381 8502
137.705325 8535
137.706269 8568
137.707213 8601
137.708157 8634
137.709101 8667
137.884055 8700
137.884999 8733
137.885943 8765
137.886887 8797
137.887831 8829
137.888775 8861
137.889719 8893
137.890663 8925
138.065145 8957
138.066089 8989
138.067033 9020
138.067977 9051
138.068921 9082
138.069865 9113
138.070809 9144
138.071753 9175
138.246236 9206
138.247180 9237
138.248124 9268
138.249068 9298
138.250012 9328
138.250956 9358
138.251900 9388
138.252844 9418
138.426854 9448
138.427798 9478
138.428742 9508
138.429686 9538
138.430630 9568
138.431574 9598
138.432518 9627
138.433462 9656
138.607472 9685
138.608416 9714
138.609360 9743
138.610304 9772
138.611248 9801
138.612192 9830
138.613136 9859
138.614080 9888
138.615024 9917
138.788562 9945
138.789506 9973
138.790450 10001
138.791394 10029
138.792338 10057
138.793282 10085
138.794226 10113
138.795170 10141
138.796114 10169
138.969653 10197
138.970597 10225
138.971541 10253
138.972485 10281
138.973429 10308
138.974373 10335
138.975317 10362
138.976261 10389
138.977205 10416
139.150743 10443
139.151687 10470
139.152631 10497
139.153575 10524
139.154519 10551
139.155463 10578
139.156407 10605
139.157351 10632
139.158295 10659
139.331361 10685
139.332305 10711
139.333249 10737
139.334193 10763
139.335137 10789
139.336081 10815
139.337025 10841
139.337969 10867
139.338913 10893
139.511979 10919
139.512923 10945
139.513867 10971
139.514811 10997
139.515755 11023
139.516699 11049
139.517643 11075
139.518587 11100
139.519531 11125
139.520475 11150
139.693070 11175
139.694014 11200
139.694958 11225
139.695902 11250
139.696846 11275
139.697790 11300
139.698734 11325
139.699678 11350
139.700622 11375
139.701566 11400
139.874160 11425
139.875104 11450
139.876048 11475
139.876992 11500
139.877936 11524
139.878880 11548
139.879824 11572
139.880768 11596
139.881712 11620
139.882656 11644
140.054778 11668
140.055722 11692
140.056666 11716
140.057610 11740
140.058554 11764
140.059498 11788
140.060442 11812
140.061386 11836
140.062330 11860
140.063274 11884
140.235396 11908
140.236340 11932
140.237284 11956
140.238228 11980
140.239172 12003
140.240116 12026
140.241060 12049
140.242004 12072
140.242948 12095
140.243892 12118
140.244836 12141
140.416487 12164
140.417431 12187
140.418375 12210
140.419319 12233
140.420263 12256
140.421207 12279
140.422150 12302
140.423094 12325
140.424038 12348
140.424982 12371
140.425926 12394
140.597577 12417
140.598521 12440
140.599465 12463
140.600409 12486
140.601353 12509
140.602297 12531
140.603241 12553
140.604185 12575
140.605129 12597
140.606073 12619
140.607017 12641
140.778195 12663
140.779139 12685
140.780083 12707
140.781979 5628
141.321489 2412
141.681781 2531
141.683197 2644
141.862871 2752
141.864287 2856
142.043962 2956
142.044906 3053
142.224580 3147
142.225524 3238
142.405198 3326
142.406142 3412
142.407086 3496
142.586288 3578
142.587232 3658
142.588176 3736
142.767379 3812
142.768323 3887
142.769267 3960
142.948469 4032
142.949413 4103
142.950357 4173
143.129087 4241
143.130031 4308
143.130975 4374
143.309705 4439
143.310649 4503
143.311593 4566
143.312537 4628
143.490796 4690
143.491740 4751
143.492684 4811
143.493628 4870
143.671886 4928
143.672830 4986
143.673774 5043
143.674718 5099
143.852504 5155
143.853448 5210
143.854392 5265
143.855336 5319
144.033122 5373
144.034066 5426
144.035010 5478
144.035954 5530
144.213741 5581
144.214685 5632
144.215629 5683
144.216573 5733
144.217517 5783
144.394831 5832
144.395775 5881
144.396719 5929
144.397663 5977
144.398607 6025
144.575921 6072
144.576865 6119
144.577809 6165
144.578753 6211
144.579697 6257
144.756539 6302
144.757483 6347
144.758427 6392
144.759371 6436
144.760315 6480
144.937157 6524
144.938101 6568
144.939045 6611
144.939989 6654
144.940933 6697
144.941877 6739
145.118248 6781
145.119192 6823
145.120136 6865
145.121080 6906
145.122024 6947
145.122968 6988
145.299338 7029
145.300282 7069
145.301226 7109
145.302170 7149
145.303114 7189
145.304058 7228
145.479956 7267
145.480900 7306
145.481844 7345
145.482788 7384
145.483732 7422
145.484676 7460
145.660574 7498
145.661518 7536
145.662462 7574
145.663406 7611
145.664350 7648
145.665294 7685
145.841193 7722
145.842137 7759
145.843081 7796
145.844025 7832
145.844969 7868
145.845913 7904
145.846857 7940
146.022283 7976
146.023227 8012
146.024171 8047
146.025115 8082
146.026059 8117
146.027003 8152
146.027947 8187
146.203373 8222
146.204317 8256
146.205261 8290
146.206205 8324
146.207149 8358
146.208093 8392
146.209037 8426
146.383991 8460
146.384935 8493
146.385879 8526
146.386823 8559
146.387767 8592
146.388711 8625
146.389655 8658
146.564610 8691
146.565554 8724
146.566498 8756
146.567442 8788
146.568386 8820
146.569330 8852
146.570274 8884
146.571218 8916
146.745700 8948
146.746644 8980
146.747588 9011
146.748532 9042
146.749476 9073
146.750420 9104
146.751364 9135
146.752308 9166
146.926790 9197
146.927734 9228
146.928678 9259
146.929622 9290
146.930566 9320
146.931510 9350
146.932454 9380
146.933398 9410
147.107408 9440
147.108352 9470
147.109296 9500
147.110240 9530
147.111184 9560
147.112128 9590
147.113072 9619
147.114016 9648
147.288027 9677
147.288971 9706
147.289915 9735
147.290859 9764
147.291803 9793
147.292747 9822
147.293691 9851
147.294635 9880
147.295579 9909
147.469117 9937
147.470061 9965
147.471005 9993
147.471949 10021
147.472893 10049
147.473837 10077
147.474781 10105
147.475725 10133
147.476669 10161
147.650207 10189
147.651151 10217
147.652095 10245
147.653039 10273
147.653983 10300
147.654927 10327
147.655871 10354
147.656815 10381
147.657759 10408
147.831297 10435
147.832241 10462
147.833185 10489
147.834129 10516
147.835073 10543
147.836017 10570
147.836961 10597
147.837905 10624
147.838849 10651
148.011915 10677
148.012859 10703
148.013803 10729
148.014747 10755
148.015691 10781
148.016635 10807
148.017579 10833
148.018523 10859
148.019467 10885
148.192534 10911
148.193478 10937
148.194422 10963
148.195366 10989
148.196310 11015
148.197254 11041
148.198198 11067
148.199142 11092
148.200086 11117
148.201030 11142
148.373624 11167
148.374568 11192
148.375512 11217
148.376456 11242
148.377400 11267
148.378344 11292
148.379288 11317
148.380232 11342
148.381176 11367
148.382120 11392
148.554714 11417
148.555658 11442
148.556602 11467
148.557546 11492
148.558490 11516
148.559434 11540
148.560378 11564
148.561322 11588
148.562266 11612
148.563210 11636
148.735332 11660
148.736276 11684
148.737220 11708
148.738164 11732
148.739108 11756
148.740052 11780
148.740996 11804
148.741940 11828
148.742884 11852
148.743828 11876
148.915951 11900
148.916895 11924
148.917839 11948
148.918783 11972
148.919727 11995
148.920671 12018
148.921615 12041
148.922559 12064
148.923503 12087
148.924447 12110
148.925391 12133
149.097041 12156
149.097985 12179
149.098929 12202
149.099873 12225
149.100817 12248
149.101761 12271
149.102705 12294
149.103649 12317
149.104593 12340
149.105537 12363
149.106481 12386
149.278131 12409
149.279075 12432
149.280019 12455
149.280963 12478
149.281907 12501
149.282851 12523
149.283795 12545
149.284739 12567
149.285683 12589
149.286627 12611
149.287571 12633
149.458749 12655
149.459693 12677
149.460637 12699
149.461581 12721
149.462525 12743
149.463469 12765
149.464413 12787
149.465357 12809
149.466301 12831
149.467245 12853
149.468189 12875
149.639368 12897
149.640312 12919
149.641256 12941
149.642200 12963
149.643144 12985
149.644088 13007
149.645032 13029
149.645976 13051
149.646920 13073
149.647864 13094
149.648808 13115
149.649752 13136
149.820458 13157
149.821402 13178
149.822346 13199
149.823290 13220
149.824234 13241
149.825178 13262
149.827074 5896
150.184062 5944
150.185006 5992
150.185950 6039
150.186894 6086
150.187846 6133
150.364680 6179
150.365624 6225
150.366568 6271
150.367512 6316
150.368464 6361
150.545298 6406
150.546242 6450
150.547186 6494
150.548130 6538
150.549082 6581
150.725917 6624
150.726861 6667
150.727805 6710
150.728749 6752
150.729693 6794
150.730637 6836
150.907007 6878
150.907951 6919
150.908895 6960
150.909839 7001
150.910783 7042
150.911727 7082
151.088097 7122
151.089041 7162
151.089985 7202
151.090929 7241
151.091873 7280
151.092817 7319
151.268715 7358
151.269659 7397
151.270603 7435
151.271547 7473
151.273443 2948
151.633264 3045
151.634215 3139
151.813882 3230
151.814833 3318
151.994500 3404
151.995444 3488
151.996388 3570
152.175590 3650
152.176534 3728
152.177478 3805
152.356681 3880
152.357625 3954
152.358569 4026
152.537299 4097
152.538243 4167
152.539187 4235
152.717917 4302
152.718861 4368
152.719805 4433
152.898535 4497
152.899479 4560
152.900423 4623
152.901367 4685
153.079625 4746
153.080569 4806
153.081513 4865
153.082457 4924
153.260716 4982
153.261660 5039
153.262604 5096
153.263548 5152
153.441334 5207
153.442278 5262
153.443222 5316
153.444166 5370
153.621952 5423
153.622896 5475
153.623840 5527
153.624784 5578
153.625728 5629
153.803042 5680
153.803986 5730
153.804930 5780
153.805874 5829
153.806818 5878
153.984133 5926
153.985077 5974
153.986021 6022
153.986965 6069
153.987909 6116
154.165223 6162
154.166167 6208
154.167111 6254
154.168055 6299
154.168999 6344
154.345841 6389
154.346785 6433
154.347729 6477
154.348673 6521
154.349617 6565
154.526459 6608
154.527403 6651
154.528347 6694
154.529291 6736
154.530235 6778
154.531179 6820
154.707550 6862
154.708494 6903
154.709438 6944
154.710382 6985
154.711326 7026
154.712270 7066
154.888640 7106
154.889584 7146
154.890528 7186
154.891472 7225
154.892416 7264
154.893360 7303
155.069258 7342
155.070202 7381
155.071146 7419
155.072090 7457
155.073986 2948
155.433806 3045
155.434758 3139
155.614424 3230
155.615376 3318
155.795043 3404
155.795987 3488
155.796931 3570
155.976133 3650
155.977077 3728
155.978021 3805
156.157223 3880
156.158167 3954
156.159111 4026
156.337841 4097
156.338785 4167
156.339729 4235
156.518460 4302
156.519404 4368
156.520348 4433
156.699078 4497
156.700022 4560
156.700966 4623
156.701910 4685
156.880168 4746
156.881112 4806
156.882056 4865
156.883000 4924
157.061258 4982
157.062202 5039
157.063146 5096
157.064090 5152
157.241877 5207
157.242821 5262
157.243765 5316
157.244709 5370
157.422495 5423
157.423439 5475
157.424383 5527
157.425327 5578
157.426271 5629
157.603585 5680
157.604529 5730
157.605473 5780
157.606417 5829
157.607361 5878
157.784675 5926
157.785619 5974
157.786563 6022
157.787507 6069
157.788451 6116
157.965766 6162
157.966710 6208
157.967654 6254
157.968598 6299
157.969542 6344
158.146384 6389
158.147328 6433
158.148272 6477
158.149216 6521
158.150160 6565
158.327002 6608
158.327946 6651
158.328890 6694
158.329834 6736
158.330778 6778
158.331722 6820
158.508092 6862
158.509036 6903
158.509980 6944
158.510924 6985
158.511868 7026
158.512812 7066
158.689182 7106
158.690126 7146
158.691070 7186
158.692014 7225
158.692958 7264
158.693902 7303
158.869801 7342
158.870745 7381
158.871689 7419
158.872633 7457
158.873577 7495
158.874521 7533
159.050419 7571
159.051363 7608
159.052307 7645
159.053251 7682
159.054195 7719
159.055139 7756
159.056083 7793
159.231509 7829
159.232453 7865
159.233397 7901
159.234341 7937
159.235285 7973
159.236229 8009
159.237173 8044
159.412599 8079
159.413543 8114
159.414487 8149
159.415431 8184
159.416375 8219
159.417319 8253
159.418263 8287
159.593218 8321
159.594162 8355
159.595106 8389
159.596050 8423
159.596994 8457
159.597938 8490
159.598882 8523
159.773836 8556
159.774780 8589
159.775724 8622
159.776668 8655
159.777612 8688
159.778556 8721
159.779500 8753
159.954454 8785
159.955398 8817
159.956342 8849
159.957286 8881
159.958230 8913
159.959174 8945
159.960118 8977
159.961062 9009
160.135544 9040
160.136488 9071
160.137432 9102
160.138376 9133
160.139320 9164
160.140264 9195
160.141208 9226
160.142152 9257
160.316635 9288
160.317579 9318
160.318523 9348
160.319467 9378
160.320411 9408
160.321355 9438
160.322299 9468
160.323243 9498
160.497253 9528
160.498197 9558
160.499141 9588
160.500085 9617
160.501029 9646
160.501973 9675
160.502917 9704
160.503861 9733
160.677871 9762
160.678815 9791
160.679759 9820
160.680703 9849
160.681647 9878
160.682591 9907
160.683535 9935
160.684479 9963
160.685423 9991
160.858961 10019
160.859905 10047
160.860849 10075
160.861793 10103
160.862737 10131
160.863681 10159
160.864625 10187
160.865569 10215
160.866513 10243
161.040052 10271
161.040996 10298
161.041940 10325
161.042884 10352
161.043828 10379
161.044772 10406
161.045716 10433
161.046660 10460
161.047604 10487
161.220670 10514
161.221614 10541
161.222558 10568
161.223502 10595
161.224446 10622
161.225390 10649
161.226334 10675
161.227278 10701
161.228222 10727
161.401288 10753
161.402232 10779
161.403176 10805
161.404120 10831
161.405064 10857
161.406008 10883
161.406952 10909
161.407896 10935
161.408840 10961
161.409784 10987
161.582378 11013
161.583322 11039
161.584266 11065
161.585210 11090
161.586154 11115
161.587098 11140
161.588042 11165
161.588986 11190
161.589930 11215
161.590874 11240
161.763468 11265
161.764412 11290
161.765356 11315
161.766300 11340
161.767244 11365
161.768188 11390
161.769132 11415
161.770076 11440
161.771020 11465
161.771964 11490
161.944559 11515
161.945503 11539
161.946447 11563
161.947391 11587
161.948335 11611
161.949279 11635
161.950223 11659
161.951167 11683
161.952111 11707
161.953055 11731
162.125177 11755
162.126121 11779
162.127065 11803
162.128009 11827
162.128953 11851
162.129897 11875
162.130841 11899
162.131785 11923
162.132729 11947
162.133673 11971
162.305795 11994
162.307691 5360
162.494445 5413
162.495389 5466
162.667039 5518
162.667991 5570
162.668935 5621
162.675535 5672
162.676479 5722
162.848130 5772
162.849081 5821
162.850025 5870
162.856626 5918
162.857570 5966
163.029220 6014
163.030171 6061
163.031115 6108
163.037716 6155
163.038660 6201
163.209838 6247
163.210790 6292
163.211734 6337
163.218334 6382
163.219278 6427
163.390456 6471
163.391408 6515
163.392352 6559
163.398952 6602
163.399896 6645
163.571075 6688
163.572019 6730
163.572963 6772
163.573907 6814
163.580043 6856
163.580987 6897
163.752165 6938
163.753109 6979
163.754053 7020
163.754997 7060
163.761133 7100
163.762077 7140
163.933255 7180
163.934199 7220
163.935143 7259
163.936087 7298
163.941751 7337
163.942695 7376
164.113873 7414
164.114817 7452
164.115761 7490
164.116705 7528
164.122369 7566
164.123313 7603
164.294491 7640
164.295435 7677
164.296379 7714
164.297323 7751
164.298267 7788
164.303459 7824
164.304403 7860
164.475582 7896
164.476526 7932
164.477470 7968
164.478414 8004
164.479358 8039
164.484550 8074
164.485494 8109
164.656672 8144
164.657616 8179
164.658560 8214
164.659504 8248
164.660448 8282
164.665640 8316
164.666584 8350
164.837290 8384
164.838234 8418
164.839178 8452
164.840122 8485
164.841066 8518
164.846258 8551
164.847202 8584
165.017908 8617
165.018852 8650
165.019796 8683
165.020740 8716
165.021684 8748
165.026876 8780
165.027820 8812
165.028764 8844
165.198999 8876
165.199943 8908
165.200887 8940
165.201831 8972
165.202775 9004
165.207967 9035
165.208911 9066
165.209855 9097
165.380089 9128
165.381033 9159
165.381977 9190
165.382921 9221
165.383865 9252
165.389057 9283
165.390001 9313
165.390945 9343
165.561179 9373
165.562123 9403
165.563067 9433
165.564011 9463
165.564955 9493
165.569675 9523
165.570619 9553
165.571563 9583
165.741797 9612
165.742741 9641
165.743685 9670
165.744629 9699
165.745573 9728
165.750293 9757
165.751237 9786
165.752181 9815
165.922416 9844
165.923360 9873
165.924304 9902
165.925248 9931
165.926192 9959
165.927136 9987
165.931384 10015
165.932328 10043
165.933272 10071
166.103506 10099
166.104450 10127
166.105394 10155
166.106338 10183
166.107282 10211
166.108226 10239
166.112474 10267
166.113418 10294
166.114362 10321
166.284596 10348
166.285540 10375
166.286484 10402
166.287428 10429
166.288372 10456
166.289316 10483
166.293092 10510
166.294036 10537
166.294980 10564
166.465214 10591
166.466158 10618
166.467102 10645
166.468046 10671
166.468990 10697
166.469934 10723
166.473710 10749
166.474654 10775
166.475598 10801
166.645833 10827
166.646777 10853
166.647721 10879
166.648665 10905
166.649609 10931
166.650553 10957
166.651497 10983
166.654801 11009
166.655745 11035
166.656689 11061
166.826923 11086
166.827867 11111
166.828811 11136
166.829755 11161
166.830699 11186
166.831643 11211
166.832587 11236
166.835891 11261
166.836835 11286
166.837779 11311
167.008013 11336
167.008957 11361
167.009901 11386
167.010845 11411
167.011789 11436
167.012733 11461
167.013677 11486
167.016981 11511
167.017925 11535
167.018869 11559
167.188631 11583
167.189575 11607
167.190519 11631
167.191463 11655
167.192407 11679
167.193351 11703
167.194295 11727
167.197599 11751
167.198543 11775
167.199487 11799
167.369249 11823
167.370193 11847
167.371137 11871
167.372081 11895
167.373025 11919
167.373969 11943
167.374913 11967
167.378217 11991
167.379161 12014
167.380105 12037
167.381049 12060
167.550340 12083
167.551284 12106
167.552228 12129
167.553172 12152
167.554116 12175
167.555060 12198
167.556004 12221
167.559308 12244
167.560252 12267
167.561196 12290
167.562140 12313
167.731910 12336
167.732854 5628
167.922440 5679
167.923384 5729
168.093154 5779
168.094098 5828
168.095042 5877
168.103530 5925
168.104474 5973
168.274244 6021
168.275188 6068
168.276132 6115
168.284620 6161
168.285564 6207
168.454862 6253
168.455806 6298
168.456750 6343
168.465239 6388
168.466183 6432
168.635481 6476
168.636425 6520
168.637369 6564
168.645857 6607
168.646801 6650
168.647745 6693
168.816571 6735
168.817515 6777
168.818459 6819
168.826947 6861
168.827891 6902
168.828835 6943
168.998613 2680
169.190551 2787
169.359385 2890
169.371169 2989
169.540003 3085
169.551788 3178
169.720621 3268
169.732406 3355
169.901240 3440
169.902184 3523
169.913496 3604
170.082330 3683
170.083274 3761
170.094586 3837
170.263420 3911
170.264364 3984
170.275205 4056
170.444038 4126
170.444982 4195
170.455823 4263
170.624656 4330
170.625600 4396
170.636441 4461
170.805275 4525
170.806219 4588
170.807163 4650
170.817531 4711
170.986365 4771
170.987309 4831
170.988253 4890
170.998622 4948
171.167455 5006
171.168399 5063
171.169343 5119
171.179240 5175
171.348073 5230
171.349017 5284
171.349961 5338
171.359858 5391
171.528692 5444
171.529636 5496
171.530580 5548
171.540476 5599
171.541420 5650
171.709782 5700
171.710726 5750
171.711670 5799
171.721567 5848
171.722511 5897
171.890872 5945
171.891816 5993
171.892760 6040
171.902657 6087
171.903601 6134
172.071490 6180
172.072434 6226
172.073378 6272
172.083275 6317
172.084274 6362
172.252588 2412
172.613368 2531
172.626616 2644
172.794458 2752
172.807706 2856
172.975549 2956
172.988324 3053
173.156167 3147
173.168943 3238
173.336785 3326
173.349561 3412
173.350505 3496
173.517875 3578
173.530651 3658
173.531595 3736
173.698966 3812
173.711741 3887
173.712685 3960
173.880056 4032
173.892360 4103
173.893304 4173
174.060674 4241
174.072978 4308
174.073922 4374
174.241292 4439
174.253596 4503
174.254540 4566
174.255484 4628
174.422382 4690
174.434686 4751
174.435630 4811
174.436574 4870
174.603473 4928
174.615777 4986
174.616721 5043
174.617665 5099
174.784091 5155
174.796395 5210
174.797339 5265
174.798283 5319
174.964709 5373
174.977013 5426
174.977957 5478
174.978901 5530
175.145327 5581
175.146271 5632
175.158103 5683
175.159047 5733
175.159991 5783
175.326418 5832
175.327362 5881
175.339193 5929
175.340137 5977
175.341081 6025
175.507508 6072
175.508452 6119
175.520284 6165
175.522172 6211
175.688126 6257
175.689070 6302
175.700902 6347
175.702790 6392
175.703742 6436
175.869224 2680
176.065458 2787
176.229996 2890
176.246076 2989
176.410614 3085
176.426694 3178
176.591233 3268
176.607312 3355
176.771851 3440
176.772795 3523
176.788403 3604
176.952941 3683
176.953885 3761
176.969493 3837
177.134511 3911
177.135455 1340
177.497171 1554
177.678261 1738
177.859352 1903
178.039970 2053
178.220588 2192
178.401206 2323
178.402150 2446
178.582297 2563
178.583241 2675
178.763387 2782
178.764331 2885
178.944477 2984
178.945421 3080
179.125095 3173
179.126039 3263
179.305714 3351
179.306658 3436
179.307602 3519
179.486804 3600
179.487748 3679
179.488692 3757
179.667894 3833
179.668838 3907
179.669782 3980
179.848512 4052
179.849456 4122
179.850400 4191
180.029131 4259
180.030075 4326
180.031019 4392
180.209749 4457
180.210693 4521
180.211637 4584
180.212581 4646
180.390839 4707
180.391783 4768
180.392727 4828
180.393671 4887
180.571929 4945
180.572873 5003
180.573817 5060
180.574761 5116
180.752547 5172
180.753491 5227
180.754435 5281
180.755379 5335
180.933166 5388
180.934110 5441
180.935054 5493
180.935998 5545
181.113784 5596
181.114728 5647
181.115672 5697
181.116616 5747
181.117560 5796
181.294874 5845
181.295818 5894
181.296762 5942
181.297706 5990
181.298650 6037
181.475964 6084
181.476908 6131
181.477860 6177
181.478804 2412
181.839576 2531
181.840520 2644
182.020666 2752
182.021610 2856
182.201757 2956
182.202701 3053
182.382375 3147
182.383319 3238
182.562993 3326
182.563937 3412
182.564881 3496
182.744083 3578
182.745027 3658
182.745971 3736
182.925174 3812
182.926118 3887
182.927062 3960
183.106264 4032
183.107208 4103
183.108152 4173
183.286882 4241
183.287826 4308
183.288770 4374
183.467500 4439
183.468444 4503
183.469388 4566
183.470332 4628
183.648591 4690
183.649535 4751
183.650479 4811
183.651423 4870
183.829681 4928
183.830625 4986
183.831569 5043
183.832513 5099
184.010299 5155
184.011243 5210
184.012187 5265
184.013131 5319
184.190917 5373
184.191861 5426
184.192805 5478
184.193749 5530
184.371536 5581
184.372480 5632
184.373424 5683
184.374368 5733
184.375312 5783
184.552626 5832
184.553570 5881
184.554514 5929
184.555458 5977
184.556402 6025
184.733716 6072
184.734660 6119
184.735604 6165
184.736548 6211
184.737492 6257
184.914334 6302
184.915278 6347
184.916222 6392
184.917166 6436
184.918110 6480
185.094953 6524
185.095897 6568
185.096841 6611
185.097785 6654
185.098729 6697
185.099673 6739
185.276043 6781
185.276987 6823
185.277931 6865
185.278875 6906
185.279819 6947
185.280763 6988
185.458085 2948
185.817968 3045
185.819336 3139
185.823105 3230
185.999058 3318
186.003723 3404
186.004667 3488
186.180148 3570
186.184813 3650
186.185757 3728
186.361238 3805
186.365904 3880
186.366848 3954
186.542329 4026
186.546522 4097
186.547466 4167
186.722947 4235
186.727140 4302
186.728084 4368
186.903565 4433
186.907758 4497
186.908702 4560
186.909646 4623
187.084655 4685
187.088848 4746
187.089792 4806
187.090736 4865
187.265746 4924
187.269939 4982
187.270883 5039
187.271827 5096
187.446364 5152
187.450557 5207
187.451501 5262
187.452445 5316
187.626982 5370
187.631175 5423
187.632119 5475
187.633063 5527
187.807600 5578
187.811801 5629
187.812745 2144
188.173517 2278
188.174461 2404
188.355087 2523
188.535713 1072
188.896950 1340
189.078040 1554
189.259130 1738
189.440228 1903
189.621326 1072
189.982570 1340
190.163660 1554
190.344750 1738
190.525848 1903
190.706946 1072
191.790679 1340
191.971769 1554
192.152859 1738
192.333949 1903
192.514568 2053
192.695186 2192
192.876756 1072
193.238000 1340
193.419090 1554
193.961015 1072
194.322252 1340
194.503342 1554
194.684432 1738
194.865522 1903
195.226774 1072
195.588011 1340
195.769101 1554
195.950191 1738
196.131281 1903
196.311900 2053
196.492518 2192
196.673136 2323
196.674080 2446
196.854226 2563
196.855170 2675
197.035317 2782
197.036261 2885
197.216407 2984
197.217351 3080
197.397025 3173
197.397969 3263
197.577643 3351
197.578587 3436
197.579531 3519
197.758734 3600
197.759678 3679
197.760622 3757
197.939824 3833
197.940768 3907
197.941712 3980
198.120442 4052
198.121386 4122
198.122330 4191
198.301060 4259
198.302004 4326
198.302948 4392
198.481678 4457
198.482622 4521
198.483566 4584
198.484510 4646
198.662769 4707
198.663713 4768
198.664657 4828
198.665601 4887
198.843859 4945
198.844803 5003
198.845747 5060
198.846691 5116
199.024477 5172
199.025421 5227
199.026365 5281
199.027309 5335
199.205095 5388
199.206039 5441
199.206983 5493
199.207927 5545
199.385714 5596
199.386658 5647
199.387602 5697
199.388546 5747
199.389490 5796
199.566804 5845
199.567748 5894
199.568692 5942
199.569636 5990
199.570580 6037
199.747894 6084
199.748838 6131
199.749782 6177
199.750726 6223
199.751670 6269
199.928512 6314
199.929456 6359
199.930400 6404
199.931344 6448
199.932288 6492
200.109131 6536
200.110075 6579
200.111019 6622
200.111963 6665
200.112907 6708
200.113851 6750
200.290221 6792
200.291165 6834
200.292109 6876
200.293053 6917
200.293997 6958
200.294941 6999
200.471311 7040
200.472255 7080
200.473199 7120
200.474143 7160
200.475087 7200
200.476031 7239
200.651929 7278
200.652873 7317
200.653817 7356
200.654761 7395
200.655705 7433
200.656649 7471
200.832548 7509
200.833492 7547
200.834436 7585
200.835380 7622
200.836324 7659
200.837268 7696
201.013166 7733
201.014110 7770
201.015054 7806
201.015998 7842
201.016942 7878
201.017886 7914
201.018830 7950
201.194256 7986
201.195200 8021
201.196144 8056
201.197088 8091
201.198032 8126
201.198976 8161
201.199920 8196
201.375346 8231
201.376290 8265
201.377234 8299
201.378178 8333
201.379122 8367
201.380066 8401
201.381010 8435
201.555965 8469
201.556909 8502
201.557853 8535
201.558796 8568
201.559740 8601
201.560684 8634
201.561628 8667
201.736583 8700
201.737527 8733
201.738471 8765
201.739415 8797
201.740359 8829
201.741303 8861
201.742247 8893
201.743191 8925
201.917673 8957
201.918617 8989
201.919561 9020
201.920505 9051
201.921449 9082
201.922393 9113
201.923337 9144
201.924281 9175
202.098763 9206
202.099707 9237
202.100651 9268
202.101595 9298
202.102539 9328
202.103483 9358
202.104427 9388
202.105371 9418
202.279381 9448
202.280325 9478
202.281269 9508
202.282213 9538
202.283157 9568
202.284101 9598
202.285045 9627
202.285989 9656
202.460000 9685
202.460944 9714
202.461888 9743
202.462832 9772
202.463776 9801
202.464720 9830
202.465664 9859
202.466608 9888
202.467552 9917
202.641090 9945
202.642034 9973
202.642978 10001
202.643922 10029
202.644866 10057
202.645810 10085
202.646754 10113
202.647698 10141
202.648642 10169
202.822180 10197
202.823124 10225
202.824068 10253
202.825012 10281
202.825956 10308
202.826900 10335
202.827844 10362
202.828788 10389
202.829732 10416
203.003270 10443
203.004214 10470
203.005158 10497
203.006102 10524
203.007046 10551
203.007990 10578
203.008934 10605
203.009878 10632
203.010822 10659
203.183889 10685
203.184833 10711
203.185777 10737
203.186721 10763
203.187665 10789
203.188609 10815
203.189553 10841
203.190497 10867
203.191441 10893
203.364507 10919
203.365451 10945
203.366395 10971
203.367339 10997
203.368283 11023
203.369227 11049
203.370171 11075
203.371115 11100
203.372059 11125
203.373003 11150
203.545597 11175
203.546541 11200
203.547485 11225
203.548429 11250
203.549373 11275
203.550317 11300
203.551261 11325
203.552205 11350
203.553149 11375
203.554093 11400
203.726687 11425
203.727631 11450
203.728575 11475
203.729519 11500
203.730463 11524
203.731407 11548
203.732351 11572
203.733295 11596
203.734239 11620
203.735183 11644
203.907306 11668
203.908250 11692
203.909194 11716
203.910138 11740
203.911082 11764
203.912026 11788
203.912970 11812
203.913914 11836
203.914858 11860
203.915802 11884
204.087924 11908
204.088868 11932
204.089812 11956
204.090756 11980
204.091700 12003
204.092644 12026
204.093588 12049
204.094532 12072
204.095476 12095
204.096420 12118
204.097364 12141
204.269014 12164
204.269958 12187
204.270902 12210
204.271846 12233
204.272790 12256
204.273734 12279
204.274678 12302
204.275622 12325
204.276566 12348
204.277510 12371
204.278454 12394
204.450104 12417
204.451048 12440
204.451992 12463
204.452936 12486
204.453880 12509
204.454824 12531
204.455768 12553
204.456712 12575
204.457656 12597
204.458600 12619
204.459544 12641
204.630723 12663
204.631667 12685
204.632611 12707
204.633555 12729
204.634499 12751
204.635443 12773
204.636387 12795
204.637331 12817
204.638275 12839
204.639219 12861
204.640163 12883
204.811341 12905
204.812285 12927
204.813229 12949
204.814173 12971
204.815117 12993
204.816061 13015
204.817005 13037
204.817949 13059
204.818893 13080
204.819837 13101
204.820781 13122
204.821725 13143
204.992431 13164
204.993375 13185
204.994319 13206
204.995263 13227
204.996207 13248
204.997151 13269
204.998095 13290
204.999039 13311
204.999983 13332
205.000927 13353
205.001871 13374
205.002815 13395
205.173521 13416
205.174465 13437
205.175409 13458
205.176353 13479
205.177297 13500
205.178241 13521
205.179185 13542
205.180129 13563
205.181073 13584
205.182017 13605
205.182961 13626
205.183905 13647
205.354611 13668
205.355555 13689
205.356499 13709
205.357443 13729
205.358387 13749
205.359331 13769
205.360275 13789
205.361219 13809
205.362163 13829
205.363107 13849
205.364051 13869
205.364995 13889
205.535230 13909
205.536174 13929
205.537118 13949
205.538062 13969
205.539006 13989
205.539950 14009
205.540894 14029
205.541838 14049
205.542782 14069
205.543726 14089
205.544670 14109
205.545614 14129
205.715848 14149
205.716792 14169
205.717736 14189
205.718680 14209
205.719624 14229
205.720568 14249
205.721512 14269
205.722456 14289
205.723400 14309
205.724344 14329
205.725288 14349
205.726232 14369
205.727176 14388
205.896938 14407
205.897882 14426
205.898826 14445
205.899770 14464
205.900714 14483
205.901658 14502
205.902602 14521
205.903546 14540
205.904490 14559
205.905434 14578
205.906378 14597
205.907322 14616
205.908266 14635
206.078028 14654
206.078972 14673
206.079916 14692
206.080860 14711
206.081804 14730
206.082748 14749
206.083692 14768
206.084636 14787
206.085580 14806
206.086524 14825
206.087468 14844
206.088412 14863
206.089356 14882
206.258647 14901
206.259591 14920
206.260535 14939
206.261479 14958
206.262423 14977
206.263367 14996
206.264311 15015
206.265255 15034
206.266199 15053
206.267143 15072
206.268087 15091
206.269031 15110
206.269975 15129
206.439265 15147
206.440209 15165
206.441153 15183
206.442097 15201
206.443041 15219
206.443985 15237
206.444929 15255
206.445873 15273
206.446817 15291
206.447761 15309
206.448705 15327
206.449649 15345
206.450593 15363
206.451537 15381
206.620355 15399
206.621299 15417
206.622243 15435
206.623187 15453
206.624131 15471
206.625075 15489
206.626019 15507
206.626963 15525
206.627907 15543
206.628851 15561
206.629795 15579
206.630739 15597
206.631683 15615
206.632627 15633
206.801445 15651
206.802389 15669
206.803333 15687
206.804277 15705
206.805221 15723
206.806165 15741
206.807109 15759
206.808053 15777
206.808997 15795
206.809941 15813
206.810885 15831
206.811829 15849
206.812773 15867
206.813717 15885
206.982064 15903
206.983008 15921
206.983952 15939
206.984896 15957
206.985840 15975
206.986784 15992
206.987728 16009
206.988672 16026
206.989616 16043
206.990560 16060
206.991504 16077
206.992448 16094
206.993392 16111
206.994336 16128
207.162682 16145
207.164578 7504
207.353220 7542
207.354164 7580
207.355108 7617
207.356052 7654
207.523926 7691
207.524878 7728
207.525822 7765
207.534310 7801
207.535254 7837
207.536198 7873
207.537142 7909
207.705016 7945
207.705968 7981
207.706912 8016
207.715400 8051
207.716344 8086
207.717288 8121
207.718232 8156
207.886106 8191
207.887058 8226
207.888002 8260
207.896490 8294
207.897434 8328
207.898378 8362
207.899322 8396
208.066725 8430
208.067676 8464
208.068620 8497
208.077109 8530
208.078053 8563
208.078997 8596
208.079941 8629
208.247343 8662
208.248295 8695
208.249239 8728
208.257727 8760
208.258671 8792
208.259615 8824
208.260559 8856
208.261503 8888
208.428433 8920
208.429385 8952
208.430329 8984
208.438817 9015
208.439761 9046
208.440705 9077
208.441649 9108
208.442593 9139
208.609523 9170
208.610475 9201
208.611419 9232
208.619907 9263
208.620851 9294
208.621795 9324
208.622739 9354
208.623683 9384
208.790142 9414
208.791093 9444
208.792037 9474
208.800526 9504
208.801470 9534
208.802414 9564
208.803358 9594
208.804302 9623
208.970760 9652
208.971712 9681
208.972656 9710
208.981144 9739
208.982088 9768
208.983032 9797
208.983976 9826
208.984920 9855
209.151378 9884
209.152322 9913
209.153266 9941
209.154210 9969
209.162234 9997
209.163178 10025
209.164122 10053
209.165066 10081
209.332476 4288
209.525366 4355
209.526310 4420
209.527254 4484
209.705992 4548
209.706936 1608
210.068180 1786
210.248799 1946
210.429417 2093
210.610035 2230
210.790653 2358
210.791597 2479
210.971744 2594
210.972687 2704
211.152834 2810
211.153778 2912
211.333452 3010
211.334396 3105
211.514070 3197
211.515014 3286
211.694688 3373
211.695632 3458
211.696576 3541
211.875779 3622
211.876723 3701
211.877667 3778
212.056869 3854
212.057813 3928
212.058757 4001
212.237487 4072
212.238431 4142
212.239375 4211
212.418105 4279
212.419049 4346
212.419993 4412
212.598724 4477
212.599668 4541
212.600612 4604
212.601556 4666
212.779814 4727
212.780758 4787
212.781702 4847
212.782646 4906
212.960904 4964
212.961848 5021
212.962792 5078
212.963736 5134
213.141522 5189
213.142466 5244
213.143410 5298
213.144354 5352
213.322141 5405
213.323085 5458
213.324029 5510
213.324973 5562
213.502759 5613
213.503703 5664
213.505126 2144
213.865891 2278
213.866835 2404
214.046981 2523
214.047925 2636
214.228071 2744
214.229015 2848
214.409162 2948
214.410106 3045
214.589780 3139
214.590724 3230
214.770398 3318
214.771342 3404
214.772286 3488
214.951488 3570
214.952432 3650
214.953376 3728
215.132579 3805
215.133523 3880
215.134467 3954
215.313669 4026
215.314613 4097
215.315557 4167
215.494287 4235
215.495231 4302
215.496175 4368
215.674905 4433
215.675849 4497
215.676793 4560
215.677737 4623
215.855996 4685
215.856940 4746
215.857884 4806
215.858828 4865
216.037086 4924
216.038030 4982
216.038974 5039
216.039918 5096
216.217704 5152
216.218648 5207
216.219592 5262
216.220536 5316
216.398322 5370
216.399266 5423
216.400210 5475
216.401154 5527
216.578941 5578
216.579885 5629
216.580829 5680
216.581773 5730
216.582717 5780
216.760031 5829
216.760975 5878
216.761919 5926
216.762863 5974
216.763807 6022
216.941121 6069
216.942065 6116
216.943009 6162
216.943953 6208
216.944897 6254
217.121739 6299
217.122683 6344
217.123627 6389
217.124571 6433
217.125515 6477
217.302357 6521
217.303301 6565
217.304245 6608
217.305189 6651
217.306133 6694
217.307077 6736
217.483448 6778
217.484392 6820
217.485336 6862
217.487231 2680
217.847052 2787
217.848004 2890
218.028629 1072
218.389866 1340
218.570956 1554
218.752046 1738
218.933137 1903
219.113755 2053
219.294373 2192
219.474991 2323
219.475935 2446
219.656082 2563
219.657026 2675
219.837172 2782
219.838116 2885
220.018262 2984
220.019206 3080
220.198880 3173
220.199824 3263
220.379499 3351
220.380443 3436
220.381387 3519
220.560589 3600
220.561533 3679
220.562477 3757
220.741679 3833
220.742623 3907
220.743567 3980
220.922297 4052
220.923241 4122
220.924185 4191
221.102915 4259
221.103859 4326
221.104803 4392
221.283534 4457
221.284478 4521
221.285422 4584
221.286366 4646
221.464624 4707
221.465568 4768
221.466512 4828
221.467456 4887
221.645714 4945
221.646658 5003
221.647602 5060
221.648546 5116
221.826332 5172
221.827276 5227
221.828220 5281
221.829164 5335
222.006951 5388
222.007895 5441
222.008839 5493
222.009783 5545
222.187569 5596
222.188513 5647
222.189457 5697
222.190401 5747
222.191345 5796
222.368659 5845
222.369603 5894
222.370547 5942
222.371491 5990
222.372435 6037
222.549749 6084
222.550693 6131
222.551637 6177
222.552581 6223
222.553533 6269
222.730847 2412
222.915249 2531
223.092091 2644
223.096339 2752
223.273182 2856
223.277430 2956
223.453800 3053
223.458048 3147
223.634418 3238
223.638666 3326
223.815036 3412
223.815980 3496
223.819756 3578
223.996127 3658
223.997071 3736
224.000847 3812
224.177217 3887
224.178161 3960
224.181937 4032
224.357835 4103
224.358779 4173
224.362555 4241
224.538453 4308
224.539397 4374
224.543173 4439
224.719072 4503
224.720016 4566
224.720960 4628
224.724264 4690
224.900162 4751
224.901106 4811
224.902050 4870
224.905354 4928
225.081252 4986
225.082196 5043
225.083140 5099
225.085972 5155
225.261870 5210
225.262814 5265
225.263758 5319
225.266590 5373
225.442488 5426
225.443432 5478
225.444376 5530
225.447208 5581
225.448152 5632
225.623579 5683
225.624523 5733
225.625467 5783
225.628299 5832
225.629243 5881
225.804669 5929
225.805613 5977
225.806557 6025
225.809389 6072
225.810333 6119
225.985759 6165
225.986703 6211
225.987647 6257
225.990007 6302
225.990951 6347
226.166377 6392
226.167321 6436
226.168265 6480
226.170625 6524
226.171569 6568
226.346996 6611
226.347940 6654
226.348884 6697
226.349828 6739
226.351716 6781
226.352660 6823
226.528086 6865
226.529030 6906
226.529974 6947
226.530918 6988
226.532806 7029
226.533750 7069
226.709176 7109
226.710120 7149
226.711064 7189
226.712008 7228
226.713424 7267
226.714368 7306
226.889794 7345
226.890738 7384
226.891682 7422
226.892626 7460
226.894042 7498
226.894986 7536
227.070413 7574
227.071357 7611
227.072301 7648
227.073245 7685
227.074661 7722
227.075605 7759
227.076549 7796
227.251503 7832
227.252447 7868
227.253391 7904
227.254335 7940
227.255751 7976
227.256695 8012
227.257639 8047
227.432593 8082
227.434017 8117
227.434961 3484
227.794309 3566
227.795733 3646
227.796677 3724
227.975399 3801
227.976823 3876
227.977767 3950
228.156490 4022
228.157441 4093
228.158385 4163
228.337108 4232
228.338060 4299
228.339004 4365
228.517726 4430
228.518678 4494
228.519622 4557
228.520566 4620
228.698816 4682
228.699768 4743
228.700712 4803
228.701656 4862
228.879907 4921
228.880858 4979
228.881802 5036
228.882746 5093
229.060525 5149
229.061477 5204
229.062421 5259
229.063365 5313
229.241143 5367
229.242095 5420
229.243039 5473
229.243983 5525
229.421761 5576
229.422705 5627
229.423649 5678
229.424593 5728
229.425537 5778
229.602852 5827
229.603796 5876
229.604740 5924
229.605684 5972
229.606628 6020
229.783942 6067
229.784886 6114
229.785830 6160
229.786774 6206
229.787718 6252
229.964560 6297
229.965504 6342
229.966448 6387
229.967392 6431
229.968336 6475
230.145178 6519
230.146122 6563
230.147066 6606
230.148010 6649
230.148954 6692
230.149898 6734
230.326269 6776
230.327213 6818
230.328157 6860
230.329101 6901
230.330045 6942
230.330989 6983
230.507359 7024
230.508303 7064
230.509247 7104
230.510191 7144
230.511135 7184
230.512079 7223
230.687977 7262
230.688921 7301
230.689865 7340
230.690809 7379
230.691753 7417
230.692697 7455
230.868595 7493
230.869539 7531
230.870483 7569
230.871427 7606
230.872371 7643
230.873315 7680
231.049214 7717
231.050158 7754
231.051102 7791
231.052045 7827
231.052989 7863
231.053933 7899
231.054877 7935
231.230304 7971
231.231248 8007
231.232192 8042
231.233136 8077
231.234080 8112
231.235024 8147
231.235968 8182
231.411394 8217
231.412338 8251
231.413282 8285
231.414234 8319
231.415178 3484
231.774998 3566
231.775950 3646
231.776894 3724
231.956088 3801
231.957040 3876
231.957984 3950
232.137179 4022
232.138123 4093
232.139067 4163
232.317797 4232
232.318741 4299
232.319685 4365
232.498415 4430
232.499359 4494
232.500303 4557
232.501247 4620
232.679505 4682
232.680449 4743
232.681393 4803
232.682337 4862
232.860596 4921
232.861540 4979
232.862484 5036
232.863428 5093
233.041214 5149
233.042158 5204
233.043102 5259
233.044046 5313
233.221832 5367
233.222776 5420
233.223720 5473
233.224664 5525
233.402450 5576
233.403394 5627
233.404338 5678
233.405282 5728
233.406226 5778
233.583540 5827
233.585436 2144
233.945729 2278
233.946680 2404
234.126819 2523
234.127771 2636
234.307909 2744
234.308861 2848
234.488999 2948
234.489943 3045
234.669618 3139
234.670562 3230
234.850236 3318
234.851180 3404
234.852124 3488
235.031326 3570
235.032270 3650
235.033214 3728
235.212416 3805
235.213360 3880
235.214304 3954
235.393507 4026
235.394451 4097
235.395395 4167
235.574125 4235
235.575069 4302
235.576013 4368
235.754743 4433
235.755742 4497
235.756686 1608
236.117930 1786
236.298548 1946
236.479167 2093
236.659785 2230
236.840403 2358
236.841347 2479
237.021493 2594
237.022437 2704
237.202583 2810
237.203527 2912
237.383202 3010
237.384146 3105
237.563820 3197
237.564764 3286
237.744438 3373
237.745382 3458
237.746326 3541
237.925528 3622
237.926472 3701
238.106154 3778
238.107098 1340
238.469286 1554
238.650377 1738
238.831467 1903
239.012085 2053
239.192703 2192
239.373322 2323
239.374266 2446
239.554412 2563
239.555356 2675
239.735502 2782
239.736446 2885
239.916600 2984
239.917544 1072
241.001277 1340
241.182367 1554
241.363457 1738
241.544547 1903
241.725165 2053
241.905784 2192
242.086402 2323
242.087346 2446
242.267492 2563
242.268436 2675
242.448582 2782
242.449526 2885
242.629673 2984
242.630617 3080
242.810291 3173
242.811235 3263
242.990909 3351
242.991853 3436
242.992797 3519
243.171999 3600
243.172943 3679
243.173887 3757
243.353090 3833
243.354034 3907
243.354978 3980
243.533708 4052
243.534652 4122
243.535596 4191
243.714326 4259
243.715270 4326
243.716214 4392
243.894944 4457
243.895888 4521
243.896832 4584
243.897776 4646
244.076035 4707
244.076979 4768
244.077923 4828
244.078867 4887
244.257125 4945
244.258069 5003
244.259013 5060
244.259957 5116
244.437743 5172
244.438687 5227
244.439631 5281
244.440575 5335
244.618361 5388
244.619305 5441
244.620249 5493
244.621193 5545
244.798979 5596
244.799923 5647
244.800867 5697
244.801811 5747
244.802755 5796
244.980070 5845
244.981014 5894
244.981958 5942
244.982902 5990
244.983846 6037
245.161160 6084
245.162104 6131
245.163048 6177
245.163992 6223
245.164936 6269
245.341778 6314
245.342722 6359
245.343666 6404
245.344610 6448
245.345554 6492
245.522396 6536
245.523340 6579
245.524284 6622
245.525228 6665
245.526172 6708
245.527116 6750
245.703487 6792
245.704431 6834
245.705375 6876
245.706319 6917
245.707263 6958
245.708207 6999
245.884577 7040
245.885521 7080
245.886465 7120
245.887409 7160
245.888353 7200
245.889297 7239
246.065195 7278
246.066139 7317
246.067083 7356
246.068027 7395
246.068971 7433
246.069915 7471
246.245813 7509
246.246757 7547
246.247701 7585
246.248645 7622
246.249589 7659
246.250533 7696
246.426432 7733
246.427376 7770
246.428320 7806
246.429264 7842
246.430208 7878
246.431152 7914
246.432096 7950
246.607522 7986
246.608466 8021
246.609410 8056
246.610354 8091
246.611298 8126
246.612242 8161
246.613186 8196
246.788612 8231
246.789556 8265
246.790500 8299
246.791444 8333
246.792388 8367
246.793332 8401
246.794276 8435
246.969230 8469
246.970174 8502
246.971118 8535
246.972062 8568
246.973006 8601
246.973950 8634
246.974894 8667
247.149849 8700
247.150793 8733
247.151737 8765
247.152681 8797
247.153625 8829
247.154569 8861
247.155513 8893
247.156457 8925
247.330939 8957
247.331883 8989
247.332827 9020
247.333771 9051
247.334715 9082
247.335659 9113
247.336603 9144
247.337547 9175
247.512029 9206
247.513453 9237
247.514397 4020
247.873273 4091
247.874697 4161
247.875641 4230
248.053891 4297
248.055315 4363
248.056259 4428
248.234510 4492
248.235454 4555
248.237357 1608
248.598129 1786
248.778747 1946
248.959366 2093
249.139984 2230
249.320602 2358
249.321546 2479
249.501692 2594
249.502636 2704
249.682783 2810
249.683727 2912
249.863401 3010
249.864345 3105
250.044019 3197
250.044963 3286
250.224637 3373
250.225581 3458
250.226525 3541
250.405728 3622
250.406672 3701
250.407616 3778
250.586818 3854
250.587762 3928
250.588706 4001
250.767436 4072
250.768380 4142
250.769324 4211
250.948054 4279
250.948998 4346
250.949942 4412
251.128672 4477
251.129616 4541
251.130560 4604
251.131504 4666
251.310714 1608
251.671487 1786
251.852105 1946
252.032723 2093
252.213341 2230
252.393959 2358
252.394903 2479
252.575050 2594
252.575994 2704
252.756140 2810
252.757084 2912
252.936758 3010
252.937702 3105
253.117376 3197
253.118320 3286
253.297995 3373
253.298939 3458
253.299883 3541
253.479085 3622
253.480029 3701
253.660183 1072
254.021427 1340
254.202517 1554
254.383607 1738
254.564698 1903
254.745316 2053
254.925934 2192
255.106552 2323
255.107496 2446
255.287643 2563
255.288587 2675
255.468733 2782
255.469677 2885
255.649823 2984
255.650767 3080
255.830441 3173
255.831385 3263
256.011060 3351
256.012004 3436
256.012948 3519
256.192150 3600
256.193094 3679
256.194038 3757
256.373240 3833
256.374184 3907
256.375128 3980
256.553858 4052
256.554802 4122
256.555746 4191
256.734477 4259
256.735421 4326
256.736365 4392
256.915095 4457
256.916039 4521
256.916983 4584
256.917927 4646
257.096185 4707
257.097129 4768
257.098073 4828
257.099017 4887
257.277275 4945
257.278219 5003
257.279163 5060
257.280107 5116
257.457893 5172
257.458837 5227
257.459781 5281
257.460725 5335
257.638512 5388
257.639456 5441
257.640400 5493
257.641344 5545
257.819130 5596
257.820074 5647
257.821018 5697
257.821962 5747
257.822906 5796
258.000220 5845
258.001164 5894
258.002108 5942
258.003052 5990
258.003996 6037
258.181310 6084
258.182254 6131
258.183198 6177
258.184142 6223
258.185086 6269
258.361929 6314
258.362873 6359
258.363817 6404
258.364761 6448
258.365705 6492
258.542547 6536
258.543491 6579
258.544435 6622
258.545379 6665
258.546323 6708
258.547267 6750
258.723637 6792
258.724581 6834
258.725525 6876
258.726469 6917
258.727413 6958
258.728357 6999
258.904727 7040
258.905671 7080
258.906615 7120
258.907559 7160
258.908503 7200
258.909447 7239
259.085346 7278
259.086290 7317
259.087234 7356
259.088178 7395
259.089122 7433
259.090066 7471
259.265964 7509
259.266908 7547
259.267852 7585
259.268796 7622
259.269740 7659
259.270684 7696
259.446582 7733
259.447526 7770
259.448470 7806
259.449414 7842
259.450358 7878
259.451302 7914
259.452246 7950
259.627672 7986
259.628616 8021
259.629560 8056
259.630504 8091
259.631448 8126
259.632392 8161
259.633336 8196
259.808763 8231
259.809707 8265
259.810651 8299
259.811595 8333
259.812539 8367
259.813483 8401
259.814427 8435
259.989381 8469
259.990325 8502
259.991269 8535
259.992213 8568
259.993157 8601
259.994101 8634
259.995045 8667
260.169999 8700
260.170943 8733
260.171887 8765
260.172831 8797
260.173775 8829
260.174719 8861
260.175663 8893
260.176607 8925
260.351089 8957
260.352033 8989
260.352977 9020
260.353921 9051
260.354865 9082
260.355809 9113
260.356753 9144
260.357697 9175
260.532179 9206
260.533123 9237
260.534067 9268
260.535011 9298
260.535955 9328
260.536899 9358
260.537843 9388
260.538787 9418
260.712798 9448
260.713742 9478
260.714686 9508
260.715630 9538
260.716574 9568
260.717518 9598
260.718462 9627
260.719406 9656
260.893416 9685
260.894360 9714
260.895304 9743
260.896248 9772
260.897192 9801
260.898136 9830
260.899080 9859
260.900024 9888
260.900968 9917
261.074506 9945
261.075930 9973
261.076874 4288
261.262684 4355
261.436222 4420
261.437646 4484
261.438590 4548
261.443774 4611
261.617313 4673
261.618736 4734
261.619680 4794
261.624865 4853
261.798403 4912
261.799826 4970
261.800770 5027
261.805955 5084
261.979021 5140
261.980445 5195
261.981389 5250
261.986573 5304
262.159639 5358
262.161063 5411
262.162007 5464
262.167191 5516
262.340258 5568
262.341681 5619
262.342625 5670
262.347817 5720
262.520883 2144
262.709533 2278
262.882120 2404
262.890624 2523
263.063210 2636
263.071714 2744
263.244300 2848
263.252804 2948
263.424919 3045
263.433422 3139
263.605537 3230
263.614041 3318
263.786155 3404
263.787099 3488
263.795131 3570
263.967245 3650
263.968189 3728
263.976221 3805
264.148336 3880
264.149280 3954
264.157311 4026
264.328954 4097
264.329898 4167
264.337929 4235
264.509572 4302
264.510516 4368
264.518548 4433
264.690190 4497
264.691134 4560
264.692078 4623
264.699638 4685
264.871281 4746
264.872225 4806
264.873169 4865
264.880728 4924
265.052371 4982
265.053315 5039
265.054259 5096
265.061346 5152
265.232989 5207
265.233933 5262
265.234877 5316
265.241965 5370
265.413607 5423
265.414551 5475
265.415495 5527
265.422583 5578
265.594705 2144
265.784771 2278
265.955949 2404
265.965861 2523
266.137040 2636
266.146952 2744
266.318130 2848
266.328042 2948
266.498748 3045
266.508660 3139
266.679366 3230
266.689278 3318
266.859984 3404
266.860928 3488
266.870368 3570
267.041075 3650
267.051466 1072
267.412711 1340
267.593801 1554
267.774891 1738
267.955981 1903
268.136599 2053
268.317218 2192
268.497836 2323
268.498780 2446
268.678926 2563
268.679870 2675
268.860016 2782
268.860960 2885
269.041107 2984
269.042051 3080
269.221725 3173
269.222669 3263
269.402343 3351
269.403287 3436
269.404231 3519
269.583433 3600
269.584377 3679
269.585321 3757
269.764524 3833
269.765468 3907
269.766412 3980
269.945142 4052
269.946086 4122
269.947030 4191
270.125760 4259
270.126704 4326
270.127648 4392
270.306378 4457
270.307322 4521
270.308266 4584
270.309210 4646
270.487469 4707
270.488413 4768
270.489357 4828
270.490301 4887
270.668559 4945
270.669503 5003
270.670447 5060
270.671391 5116
270.849177 5172
270.850121 5227
270.851065 5281
270.852009 5335
271.029795 5388
271.030739 5441
271.031683 5493
271.032627 5545
271.210414 5596
271.211358 5647
271.212302 5697
271.213245 5747
271.214189 5796
271.391504 5845
271.392448 5894
271.393392 5942
271.394336 5990
271.395280 6037
271.572594 6084
271.573538 6131
271.574482 6177
271.575426 6223
271.576370 6269
271.753212 6314
271.754156 6359
271.755100 6404
271.756044 6448
271.756988 6492
271.933830 6536
271.934774 6579
271.935718 6622
271.936662 6665
271.937606 6708
271.938550 6750
272.114921 6792
272.115865 6834
272.116809 6876
272.117753 6917
272.118697 6958
272.119641 6999
272.296011 7040
272.296955 7080
272.297899 7120
272.298843 7160
272.299787 7200
272.300731 7239
272.476629 7278
272.477573 7317
272.478517 7356
272.479461 7395
272.480405 7433
272.481349 7471
272.657247 7509
272.658191 7547
272.659135 7585
272.660079 7622
272.661023 7659
272.661967 7696
272.837866 7733
272.838810 7770
272.839754 7806
272.840705 7842
272.841649 3216
273.383519 3305
273.562250 3391
273.563194 3475
273.564610 3557
273.743340 3637
273.744284 3715
273.745700 3792
273.924430 3867
273.925374 3941
273.926790 4013
274.105048 4084
274.105992 4154
274.107408 4223
274.285667 4291
274.286611 4357
274.288027 4422
274.466285 4486
274.467229 4550
274.468173 4613
274.469117 4675
274.647375 4736
274.648319 4796
274.649263 4855
274.650207 4914
274.828465 4972
274.829409 5029
274.830353 5086
274.831297 5142
275.009084 5197
275.010028 5252
275.010972 5306
275.011916 5360
275.189702 5413
275.190646 5466
275.191590 5518
275.192534 5570
275.193478 5621
275.370792 5672
275.371736 5722
275.372680 5772
275.373624 5821
275.374568 5870
275.551882 5918
275.552826 5966
275.553770 6014
275.554714 6061
275.555658 6108
275.732972 6155
275.733916 6201
275.734860 6247
275.735804 6292
275.736748 6337
275.913591 6382
275.914535 6427
275.915479 6471
275.916423 6515
275.917367 6559
276.094209 6602
276.095153 6645
276.096097 6688
276.097041 6730
276.097985 6772
276.098929 6814
276.275299 6856
276.276243 6897
276.277187 6938
276.278131 6979
276.279075 7020
276.280019 7060
276.456389 7100
276.457333 7140
276.458277 7180
276.459221 7220
276.460165 7259
276.461109 7298
276.637008 7337
276.637952 7376
276.638896 7414
276.639840 7452
276.640784 7490
276.641728 7528
276.817626 7566
276.818570 7603
276.819514 7640
276.820458 7677
276.821402 7714
276.822346 7751
276.823290 7788
276.998716 7824
276.999660 7860
277.000604 7896
277.001548 7932
277.002492 7968
277.003436 8004
277.004380 8039
277.179806 8074
277.180750 8109
277.181694 8144
277.182638 8179
277.183582 8214
277.184526 8248
277.185470 8282
277.360897 8316
277.361841 8350
277.362785 8384
277.363729 8418
277.364673 8452
277.365617 8485
277.366561 8518
277.541515 8551
277.542459 8584
277.543403 8617
277.544347 8650
277.545291 8683
277.546235 8716
277.547179 8748
277.722133 8780
277.723077 8812
277.724021 8844
277.724965 8876
277.725909 8908
277.726853 8940
277.727797 8972
277.728741 9004
277.903223 9035
277.904167 9066
277.905111 9097
277.906055 9128
277.906999 9159
277.907943 9190
277.908887 9221
277.909831 9252
278.084314 9283
278.085258 9313
278.086202 9343
278.087146 9373
278.088090 9403
278.089034 9433
278.089978 9463
278.090922 9493
278.264932 9523
278.265876 9553
278.266820 9583
278.267764 9612
278.268708 9641
278.269652 9670
278.270596 9699
278.271540 9728
278.445550 9757
278.446494 9786
278.447438 9815
278.448382 9844
278.449326 9873
278.450270 9902
278.451214 9931
278.452158 9959
278.453102 9987
278.626640 10015
278.627584 10043
278.628528 10071
278.629472 10099
278.630416 10127
278.631360 10155
278.632304 10183
278.633248 10211
278.634192 10239
278.807730 10267
278.808674 10294
278.809618 10321
278.810562 10348
278.811506 10375
278.812450 10402
278.813394 10429
278.814338 10456
278.815282 10483
278.988349 10510
278.989293 10537
278.990237 10564
278.991181 10591
278.992125 10618
278.993069 10645
278.994013 10671
278.994957 10697
278.995901 10723
279.168967 10749
279.169911 10775
279.170855 10801
279.171799 10827
279.172743 10853
279.173687 10879
279.174631 10905
279.175575 10931
279.176519 10957
279.177463 10983
279.350057 11009
279.351001 11035
279.351945 11061
279.352889 11086
279.353833 11111
279.354777 11136
279.355721 11161
279.356665 11186
279.357609 11211
279.358553 11236
279.531147 11261
279.532091 11286
279.533035 11311
279.533979 11336
279.534923 11361
279.535867 11386
279.537291 11411
279.538235 5092
279.897119 5148
279.898063 5203
279.899015 5258
279.899959 5312
280.076793 5366
280.078209 5419
280.079153 5472
280.080105 5524
280.257412 5576
280.258356 5627
280.259300 5678
280.260244 5728
280.261195 5778
280.438502 5827
280.439446 5876
280.440390 5924
280.441334 5972
280.442286 6020
280.620544 2412
280.980419 2531
280.981788 2644
281.161509 2752
281.162878 2856
281.342600 2956
281.343544 3053
281.523218 3147
281.524162 3238
281.703836 3326
281.704835 3412
281.884462 1072
282.245699 1340
282.426789 1554
282.607879 1738
282.788969 1903
282.969588 2053
283.150206 2192
283.330824 2323
283.331768 2446
283.511914 2563
283.512858 2675
283.693004 2782
283.693948 2885
283.874095 2984
283.875039 3080
284.054713 3173
284.055657 3263
284.235331 3351
284.236275 3436
284.237219 3519
284.416421 3600
284.417365 3679
284.418309 3757
284.597512 3833
284.598456 3907
284.599400 3980
284.778130 4052
284.779074 4122
284.780018 4191
284.958748 4259
284.959692 4326
284.960636 4392
285.139366 4457
285.140310 4521
285.141254 4584
285.319992 4646
285.320936 1608
285.682180 1786
285.862799 1946
286.043417 2093
286.224035 2230
286.404653 2358
286.405597 2479
286.585744 2594
286.586688 2704
286.766834 2810
286.767778 2912
286.948404 1072
287.767778 536
288.329014 1072
288.510105 1340
288.691195 1554
288.872285 1738
289.053375 1903
289.233993 2053
289.414612 2192
289.595230 2323
289.596174 2446
289.776320 2563
289.777264 2675
289.957410 2782
289.958354 2885
290.138501 2984
290.139445 3080
290.319119 3173
290.320063 3263
290.499737 3351
290.500681 3436
290.501625 3519
290.680827 3600
290.681771 3679
290.682715 3757
290.861918 3833
290.862862 3907
290.863806 3980
291.042536 4052
291.043480 4122
291.044424 4191
291.223154 4259
291.224098 4326
291.225042 4392
291.403772 4457
291.404716 4521
291.405660 4584
291.406604 4646
291.584863 4707
291.585807 4768
291.586751 4828
291.587695 4887
291.765953 4945
291.766897 5003
291.767841 5060
291.768785 5116
291.946571 5172
291.947515 5227
291.948459 5281
291.949403 5335
292.127189 5388
292.128133 5441
292.129077 5493
292.130021 5545
292.307808 5596
292.308752 5647
292.309696 5697
292.310640 5747
292.311584 5796
292.488898 5845
292.489842 5894
292.490786 5942
292.491730 5990
292.492674 6037
292.669988 6084
292.670932 6131
292.671876 6177
292.672820 6223
292.673764 6269
292.850606 6314
292.851550 6359
292.852494 6404
292.853438 6448
292.854382 6492
293.031224 6536
293.032168 6579
293.033112 6622
293.034056 6665
293.035000 6708
293.035944 6750
293.212315 6792
293.213259 6834
293.214203 6876
293.215147 6917
293.216091 6958
293.217035 6999
293.393405 7040
293.394349 7080
293.395293 7120
293.396237 7160
293.397181 7200
293.398125 7239
293.574023 7278
293.574967 7317
293.575911 7356
293.576855 7395
293.577799 7433
293.578743 7471
293.754641 7509
293.755585 7547
293.756529 7585
293.757473 7622
293.758417 7659
293.759361 7696
293.935260 7733
293.936204 7770
293.937148 7806
293.938092 7842
293.939036 7878
293.939980 7914
293.940924 7950
294.116350 7986
294.117294 8021
294.118238 8056
294.119182 8091
294.120126 8126
294.121070 8161
294.122014 8196
294.297440 8231
294.298384 8265
294.299328 8299
294.300272 8333
294.301216 8367
294.302160 8401
294.303104 8435
294.478058 8469
294.479002 8502
294.479946 8535
294.480890 8568
294.481834 8601
294.482778 8634
294.483722 8667
294.658677 8700
294.659621 8733
294.660565 8765
294.661509 8797
294.662453 8829
294.663397 8861
294.664341 8893
294.665285 8925
294.839767 8957
294.840711 8989
294.841655 9020
294.842599 9051
294.843543 9082
294.844487 9113
294.845431 9144
294.846375 9175
295.020857 9206
295.021801 9237
295.022745 9268
295.023689 9298
295.024633 9328
295.025577 9358
295.026521 9388
295.027465 9418
295.201475 9448
295.202419 9478
295.203363 9508
295.204307 9538
295.205251 9568
295.206195 9598
295.207139 9627
295.208083 9656
295.382094 9685
295.383038 9714
295.383982 9743
295.384926 9772
295.385870 9801
295.386814 9830
295.387758 9859
295.388702 9888
295.389646 9917
295.563184 9945
295.564128 9973
295.565072 10001
295.566016 10029
295.566960 10057
295.567904 10085
295.568848 10113
295.569792 10141
295.570736 10169
295.744274 10197
295.745218 10225
295.746162 10253
295.747586 10281
295.748530 4556
296.107406 4619
296.108350 4681
296.109302 4742
296.110246 4802
296.288496 4861
296.289440 4920
296.290392 4978
296.291336 5035
296.469587 5092
296.470531 5148
296.471475 5203
296.472419 5258
296.650205 5312
296.651149 5366
296.652093 5419
296.653037 5472
296.830823 5524
296.831767 5576
296.832711 5627
296.833655 5678
296.834599 5728
297.011913 5778
297.012857 5827
297.013801 5876
297.014745 5924
297.015689 5972
297.193955 2412
297.553831 2531
297.555199 2644
297.736297 1072
298.097541 1340
298.278632 1554
298.459722 1738
298.640812 1903
298.821430 2053
299.002049 2192
299.182667 2323
299.183611 2446
299.363757 2563
299.364701 2675
299.544847 2782
299.545791 2885
299.725945 2984
299.726889 1072
300.088605 1340
300.269696 1554
300.450786 1738
300.812085 1072
301.173321 1340
301.354412 1554
301.535502 1738
301.716592 1903
301.897210 2053
302.077829 2192
302.258447 2323
302.259391 2446
302.439537 2563
302.440481 2675
302.620627 2782
302.621571 2885
302.801718 2984
302.802662 3080
302.982336 3173
302.983280 3263
303.162954 3351
303.163898 3436
303.164842 3519
303.344044 3600
303.344988 3679
303.345932 3757
303.525134 3833
303.526078 3907
303.527022 3980
303.705753 4052
303.706697 4122
303.707641 4191
303.886371 4259
303.887315 4326
303.888259 4392
304.066989 4457
304.067933 4521
304.068877 4584
304.069821 4646
304.248079 4707
304.249023 4768
304.249967 4828
304.250911 4887
304.429170 4945
304.430114 5003
304.431058 5060
304.432002 5116
304.609788 5172
304.610732 5227
304.611676 5281
304.612620 5335
304.790406 5388
304.791350 5441
304.792294 5493
304.793238 5545
304.971024 5596
304.971968 5647
304.972912 5697
304.973856 5747
304.974800 5796
305.152115 5845
305.153059 5894
305.154003 5942
305.154947 5990
305.155891 6037
305.333205 6084
305.334149 6131
305.335093 6177
305.336037 6223
305.336981 6269
305.513823 6314
305.514767 6359
305.515711 6404
305.516655 6448
305.517599 6492
305.694441 6536
305.695385 6579
305.696329 6622
305.697273 6665
305.698217 6708
305.699161 6750
305.875532 6792
305.876476 6834
305.877420 6876
305.878364 6917
305.879308 6958
305.880252 6999
306.056622 7040
306.057566 7080
306.058510 7120
306.059454 7160
306.060877 7200
306.061821 2948
306.422122 3045
306.423066 3139
306.602740 3230
306.603684 3318
306.783358 3404
306.784302 3488
306.785246 3570
306.964448 3650
306.965392 3728
306.966336 3805
307.145539 3880
307.146483 3954
307.147427 4026
307.326157 4097
307.327101 4167
307.328045 4235
307.506775 4302
307.507719 4368
307.508663 4433
307.687393 4497
307.688337 4560
307.689281 4623
307.690225 4685
307.868484 4746
307.869428 4806
307.870372 4865
307.871316 4924
308.049574 4982
308.050518 5039
308.051462 5096
308.052406 5152
308.230192 5207
308.231136 5262
308.232080 5316
308.233024 5370
308.410810 5423
308.411754 5475
308.412698 5527
308.413642 5578
308.414586 5629
308.591900 5680
308.592844 5730
308.593788 5780
308.594732 5829
308.595676 5878
308.772991 5926
308.773935 5974
308.774879 6022
308.775823 6069
308.776767 6116
308.954081 6162
308.955025 6208
308.955969 6254
308.956913 6299
308.957857 6344
309.134699 6389
309.135643 6433
309.136587 6477
309.137531 6521
309.138475 6565
309.315317 6608
309.316261 6651
309.317205 6694
309.318149 6736
309.319093 6778
309.320037 6820
309.496408 6862
309.497352 6903
309.498296 6944
309.499240 6985
309.500184 7026
309.501128 7066
309.677498 7106
309.678442 7146
309.679386 7186
309.680330 7225
309.681274 7264
309.682218 7303
309.858116 7342
309.859060 7381
309.860004 7419
309.860948 7457
309.861892 7495
309.862836 7533
310.038734 7571
310.039678 7608
310.040622 7645
310.041566 7682
310.042510 7719
310.043454 7756
310.044398 7793
310.219825 7829
310.220769 7865
310.221713 7901
310.222657 7937
310.223601 7973
310.224545 8009
310.225489 8044
310.400915 8079
310.401859 8114
310.402803 8149
310.403747 8184
310.404691 8219
310.405635 8253
310.406579 8287
310.581533 8321
310.582477 8355
310.583421 8389
310.584365 8423
310.585309 8457
310.586253 8490
310.587197 8523
310.762151 8556
310.763095 8589
310.764039 8622
310.764983 8655
310.765927 8688
310.766871 8721
310.767815 8753
310.942770 8785
310.943714 8817
310.944658 8849
310.945602 8881
310.946546 8913
310.947490 8945
310.948434 8977
310.949378 9009
311.123860 9040
311.124804 9071
311.125748 9102
311.126692 9133
311.127636 9164
311.128580 9195
311.129524 9226
311.130468 9257
311.304950 9288
311.305894 9318
311.306838 9348
311.307782 9378
311.308726 9408
311.309670 9438
311.310614 9468
311.311558 9498
311.485568 9528
311.486512 9558
311.487456 9588
311.488400 9617
311.489344 9646
311.490288 9675
311.491232 9704
311.492176 9733
311.666186 9762
311.667130 9791
311.668074 9820
311.669018 9849
311.669962 9878
311.670906 9907
311.671850 9935
311.672794 9963
311.673738 9991
311.847277 10019
311.848221 10047
311.849165 10075
311.850109 10103
311.851053 10131
311.851997 10159
311.852941 10187
311.853885 10215
311.854829 10243
312.028367 10271
312.029311 10298
312.030255 10325
312.031199 10352
312.032143 10379
312.033087 10406
312.034031 10433
312.034975 10460
312.035919 10487
312.208985 10514
312.209929 10541
312.210873 10568
312.211817 10595
312.212761 10622
312.213705 10649
312.214649 10675
312.215593 10701
312.216537 10727
312.389603 10753
312.390547 10779
312.391491 10805
312.392435 10831
312.393379 10857
312.394323 10883
312.395267 10909
312.396211 10935
312.397155 10961
312.398099 10987
312.570694 11013
312.571638 11039
312.572582 11065
312.573526 11090
312.574470 11115
312.575414 11140
312.576358 11165
312.577302 11190
312.578246 11215
312.579190 11240
312.751784 11265
312.752728 11290
312.753672 11315
312.754616 11340
312.755560 11365
312.756504 11390
312.757448 11415
312.758392 11440
312.759336 11465
312.760280 11490
312.932874 11515
312.933818 11539
312.934762 11563
312.935706 11587
312.936650 11611
312.937594 11635
312.938538 11659
312.939482 11683
312.940426 11707
312.941370 11731
313.113492 11755
313.114436 11779
313.115380 11803
313.116324 11827
313.117268 11851
313.118212 11875
313.119156 11899
313.120100 11923
313.121044 11947
313.121988 11971
313.294111 11994
313.295055 12017
313.295999 12040
313.296943 12063
313.297887 12086
313.298831 12109
313.299775 12132
313.300719 12155
313.301663 12178
313.302607 12201
313.475209 5360
313.661963 5413
313.662907 5466
313.663851 5518
313.664795 5570
313.842589 5621
313.843533 2144
314.204305 2278
314.205249 2404
314.385395 2523
314.386339 2636
314.566485 2744
314.567429 2848
314.747576 2948
314.748520 3045
314.928194 3139
314.929138 3230
315.108812 3318
315.109756 3404
315.110700 3488
315.289902 3570
315.290846 3650
315.291790 3728
315.470992 3805
315.471936 3880
315.652090 1340
316.013335 1554
316.194425 1738
316.375515 1903
316.556133 2053
316.736751 2192
316.917370 2323
316.918314 2446
317.098460 2563
317.099404 2675
317.279550 2782
317.280494 2885
317.460640 2984
317.461584 3080
317.641259 3173
317.642203 3263
317.821877 3351
317.822821 3436
317.823765 3519
318.002967 3600
318.003911 3679
318.184065 1072
318.545309 1340
318.726399 1554
318.907490 1738
319.088580 1903
319.269198 2053
319.449816 2192
319.630435 2323
319.631379 2446
319.811525 2563
319.812469 2675
319.992615 2782
319.993559 2885
320.173705 2984
320.174649 3080
320.354324 3173
320.355268 3263
320.534942 3351
320.535886 3436
320.536830 3519
320.716032 3600
320.716976 3679
320.717920 3757
320.897122 3833
320.898066 3907
320.899010 3980
321.077741 4052
321.078685 4122
321.079629 4191
321.258359 4259
321.259303 4326
321.260247 4392
321.438977 4457
321.439921 4521
321.440865 4584
321.441809 4646
321.620067 4707
321.621011 4768
321.621955 4828
321.622899 4887
321.801157 4945
321.802101 5003
321.803045 5060
321.803989 5116
321.981776 5172
321.982720 5227
321.983664 5281
321.984608 5335
322.162394 5388
322.163338 5441
322.164282 5493
322.165226 5545
322.343012 5596
322.343956 5647
322.344900 5697
322.345844 5747
322.346788 5796
322.524102 5845
322.525046 5894
322.525990 5942
322.526934 5990
322.527878 6037
322.705193 6084
322.706137 6131
322.707081 6177
322.708025 6223
322.708969 6269
322.885811 6314
322.886755 6359
322.887699 6404
322.888643 6448
322.889587 6492
323.066429 6536
323.067373 6579
323.068317 6622
323.069261 6665
323.070205 6708
323.071149 6750
323.247519 6792
323.248463 6834
323.249407 6876
323.250351 6917
323.251295 6958
323.252239 6999
323.428610 7040
323.429554 7080
323.430498 7120
323.431442 7160
323.432386 7200
323.433330 7239
323.609228 7278
323.610172 7317
323.611116 7356
323.612060 7395
323.613004 7433
323.613948 7471
323.789846 7509
323.790790 7547
323.791734 7585
323.792678 7622
