0.180111 536
0.360734 1072
0.541824 1608
0.722914 2144
0.903533 2680
0.904477 3216
1.084623 3752
1.085567 4288
1.086511 4824
1.265713 5360
1.266657 5896
1.267601 6432
1.268545 6968
1.446331 7504
1.447275 8040
1.448219 8576
1.449163 9112
1.450107 9648
1.451051 10184
1.626950 10720
1.627894 11256
1.628838 11792
1.629782 12328
1.630726 12864
1.631670 13400
1.632614 13936
1.633558 14472
1.634502 15008
1.807568 15544
1.808512 16080
1.809456 16616
1.810400 17152
1.811344 17688
1.812288 18224
1.813232 18760
1.814176 19296
1.815127 19832
1.816071 9380
2.175428 9410
2.176372 9440
2.177316 9470
2.178260 9500
2.179204 9530
2.180148 9560
2.181092 9590
2.182036 9619
2.355102 9648
2.356518 9677
2.357462 9706
2.358406 9735
2.359350 9764
2.360294 9793
2.361238 9822
2.362182 9851
2.535720 9880
2.536664 9909
2.537608 9937
2.538552 9965
2.539496 9993
2.540440 10021
2.541384 10049
2.542328 10077
2.543272 10105
2.716810 10133
2.717754 10161
2.718698 10189
2.719642 10217
2.720586 10245
2.721530 10273
2.722474 10300
2.723418 10327
2.724362 10354
2.897901 10381
2.898845 10408
2.899789 10435
2.900733 10462
2.901677 10489
2.902621 10516
2.903565 10543
2.904509 10570
2.905453 10597
3.078519 10624
3.079463 10651
3.080407 10677
3.081351 10703
3.082295 10729
3.083239 10755
3.084183 10781
3.085127 10807
3.086071 10833
3.259137 10859
3.260081 10885
3.261025 10911
3.261969 10937
3.262913 10963
3.263857 10989
3.264801 11015
3.265745 11041
3.266689 11067
3.267633 11092
3.441179 4824
3.802006 4883
3.807615 4941
3.808559 4999
3.809983 5056
3.982624 5112
3.988233 5168
3.989177 5223
3.990601 5278
4.163242 5332
4.168852 5385
4.169796 5438
4.171219 5490
4.343861 5542
4.349470 5593
4.350414 5644
4.351358 5694
4.352309 5744
4.524951 5794
4.530560 5843
4.531504 5892
4.532448 5940
4.533400 5988
4.706041 6035
4.711650 6082
4.712594 6129
4.713538 6175
4.714482 6221
4.886659 6267
4.892269 6312
4.893213 6357
4.894157 6402
4.895101 6446
5.067278 6490
5.072887 6534
5.073831 6577
5.074775 6620
5.075719 6663
5.076663 6706
5.248368 6748
5.253977 6790
5.254921 6832
5.255865 6874
5.256809 6915
5.257753 6956
5.429458 6997
5.435067 7038
5.436011 7078
5.436955 7118
5.437899 7158
5.438843 7198
5.610548 7237
5.615685 7276
5.616629 7315
5.617573 7354
5.618517 7393
5.619461 7431
5.791167 7469
5.796304 7507
5.797248 7545
5.798192 7583
5.799136 7620
5.800080 7657
5.971785 7694
5.976922 7731
5.977866 7768
5.978810 7804
5.979754 7840
5.980698 7876
5.981642 7912
6.152875 7948
6.158012 7984
6.158956 8019
6.159900 8054
6.160844 8089
6.161788 8124
6.162732 8159
6.333965 8194
6.339102 8229
6.340046 8263
6.340990 8297
6.341934 8331
6.342878 8365
6.343822 8399
6.514584 8433
6.519721 8467
6.520665 8500
6.521609 8533
6.522553 8566
6.523497 8599
6.524441 8632
6.695202 8665
6.700339 8698
6.701283 8731
6.702227 8763
6.703171 8795
6.704115 8827
6.705059 8859
6.706003 8891
6.876292 8923
6.881429 8955
6.882373 8987
6.883317 9018
6.884261 9049
6.885205 9080
6.886149 9111
6.887093 9142
7.057382 9173
7.062519 9204
7.063463 9235
7.064407 9266
7.065351 9297
7.066295 9327
7.067239 9357
7.068183 9387
7.238000 9417
7.243138 9447
7.244082 9477
7.245026 9507
7.245970 9537
7.246914 9567
7.247858 9597
7.248802 9626
7.418619 9655
7.423756 9684
7.424700 9713
7.425644 9742
7.426588 9771
7.427532 9800
7.428476 9829
7.429420 9858
7.599237 9887
7.600181 9916
7.604846 9944
7.605790 9972
7.606734 10000
7.607678 10028
7.608622 10056
7.609566 10084
7.610510 10112
7.780327 10140
7.781271 10168
7.785936 10196
7.786880 10224
7.787824 10252
7.788768 10280
7.789712 10307
7.790656 10334
7.791600 10361
7.961417 10388
7.962361 10415
7.967027 10442
7.967971 10469
7.968915 10496
7.969859 10523
7.970803 10550
7.971747 10577
7.972691 10604
8.142036 10631
8.142980 10658
8.147645 10684
8.148589 10710
8.149533 10736
8.150477 10762
8.151421 10788
8.152365 10814
8.153309 10840
8.322654 10866
8.323598 10892
8.328263 10918
8.329207 10944
8.330151 10970
8.331095 10996
8.332039 11022
8.332983 11048
8.333927 11074
8.334871 11099
8.503744 11124
8.504688 11149
8.509353 11174
8.510297 11199
8.511241 11224
8.512185 11249
8.513129 11274
8.514073 11299
8.515017 11324
8.515961 11349
8.684834 11374
8.685778 11399
8.690443 11424
8.691387 11449
8.692331 11474
8.693275 11499
8.694219 11523
8.695163 11547
8.696107 11571
8.697051 11595
8.865453 11619
8.866397 11643
8.871062 11667
8.872006 11691
8.872950 11715
8.873894 11739
8.874838 11763
8.875782 11787
8.876726 11811
8.877670 11835
9.046071 11859
9.047015 11883
9.051680 11907
9.052624 11931
9.053568 11955
9.054512 11979
9.055456 12002
9.056400 12025
9.057344 12048
9.058288 12071
9.059232 12094
9.227161 12117
9.228105 12140
9.232770 12163
9.233714 12186
9.234658 12209
9.235602 12232
9.236546 12255
9.237490 12278
9.238434 12301
9.239378 12324
9.240322 12347
9.408251 12370
9.409195 12393
9.413860 12416
9.414804 12439
9.415748 12462
9.416692 12485
9.417636 12508
9.418580 12530
9.419524 12552
9.420468 12574
9.421412 12596
9.588870 12618
9.589814 12640
9.594479 12662
9.595423 12684
9.596367 12706
9.597311 12728
9.599206 5628
9.956667 5679
9.957611 5729
9.958555 5779
9.959506 5828
9.960450 5877
10.137757 5925
10.138701 5973
10.139645 6021
10.140597 6068
10.141541 6115
10.318847 6161
10.319791 6207
10.320735 6253
10.321679 6298
10.322623 6343
10.499466 6388
10.500410 6432
10.501354 6476
10.502298 6520
10.503242 6564
10.680084 6607
10.681028 6650
10.681972 6693
10.682916 6735
10.683860 6777
10.684804 6819
10.861174 6861
10.862118 6902
10.863062 6943
10.864006 6984
10.864950 7025
10.865894 7065
11.042264 7105
11.043208 7145
11.045104 2948
11.404924 3045
11.405876 3139
11.585543 3230
11.586494 3318
11.766161 3404
11.767105 3488
11.768049 3570
11.947251 3650
11.948195 3728
11.949139 3805
12.128341 3880
12.129285 3954
12.130229 4026
12.308960 4097
12.309904 4167
12.310848 4235
12.489578 4302
12.490522 4368
12.491466 4433
12.670196 4497
12.671140 4560
12.672084 4623
12.673028 4685
12.851286 4746
12.852230 4806
12.853174 4865
12.854118 4924
13.032377 4982
13.033321 5039
13.034265 5096
13.035209 5152
13.212995 5207
13.213939 5262
13.214883 5316
13.215827 5370
13.393613 5423
13.394557 5475
13.395501 5527
13.396445 5578
13.397389 5629
13.574703 5680
13.575647 5730
13.576591 5780
13.577535 5829
13.578479 5878
13.755793 5926
13.756737 5974
13.757681 6022
13.758625 6069
13.759569 6116
13.936884 6162
13.937828 6208
13.938772 6254
13.939716 6299
13.940660 6344
14.117502 6389
14.118446 6433
14.119390 6477
14.120334 6521
14.121278 6565
14.298120 6608
14.299064 6651
14.300008 6694
14.300960 6736
14.301904 2680
14.662204 2787
14.663148 2890
14.842822 2989
14.843766 3085
15.023440 3178
15.024384 3268
15.204059 3355
15.205003 3440
15.205947 3523
15.385149 3604
15.386093 3683
15.387037 3761
15.566239 3837
15.567183 3911
15.568127 3984
15.746857 4056
15.747801 4126
15.748745 4195
15.927476 4263
15.928420 4330
15.929364 4396
16.108094 4461
16.109038 4525
16.109982 4588
16.110926 4650
16.289184 4711
16.290128 4771
16.291072 4831
16.292016 4890
16.470274 4948
16.471218 5006
16.472162 5063
16.473106 5119
16.650893 5175
16.651837 5230
16.652781 5284
16.653725 5338
16.831511 5391
16.832455 5444
16.833399 5496
16.834343 5548
17.012129 5599
17.013073 5650
17.014017 5700
17.014961 5750
17.015905 5799
17.193219 5848
17.194163 5897
17.195107 5945
17.196051 5993
17.196995 6040
17.374310 6087
17.375254 6134
17.376205 6180
17.377149 2412
17.737921 2531
17.738865 2644
17.919012 2752
17.919956 2856
18.100102 2956
18.101046 3053
18.280720 3147
18.281664 3238
18.461338 3326
18.462282 3412
18.463226 3496
18.642429 3578
18.643373 3658
18.644317 3736
18.823519 3812
18.824463 3887
18.825407 3960
19.004609 4032
19.005553 4103
19.006497 4173
19.185227 4241
19.186171 4308
19.187115 4374
19.365846 4439
19.366790 4503
19.367734 4566
19.368678 4628
19.546936 4690
19.547880 4751
19.548824 4811
19.549768 4870
19.728026 4928
19.728970 4986
19.729914 5043
19.730858 5099
19.908644 5155
19.909588 5210
19.910532 5265
19.911476 5319
20.089262 5373
20.090206 5426
20.091150 5478
20.092094 5530
20.269881 5581
20.270825 5632
20.271769 5683
20.272713 5733
20.273657 5783
20.450971 5832
20.451915 5881
20.452859 5929
20.453803 5977
20.454747 6025
20.632061 6072
20.633005 6119
20.633949 6165
20.634893 6211
20.635837 6257
20.812679 6302
20.813623 6347
20.814567 6392
20.815511 6436
20.816455 6480
20.993298 6524
20.994242 6568
20.995186 6611
20.996130 6654
20.997074 6697
20.998018 6739
21.174388 6781
21.175332 6823
21.176276 6865
21.177220 6906
21.178164 6947
21.179108 6988
21.355478 7029
21.356422 7069
21.357366 7109
21.358310 7149
21.359254 7189
21.360198 7228
21.536096 7267
21.537040 7306
21.537984 7345
21.538928 7384
21.539872 7422
21.540816 7460
21.716715 7498
21.717659 7536
21.718603 7574
21.719547 7611
21.720491 7648
21.721435 7685
21.897333 7722
21.898277 7759
21.899228 7796
21.900172 3216
22.259993 3305
22.260945 3391
22.261889 3475
22.441083 3557
22.442035 3637
22.442979 3715
22.622173 3792
22.623125 3867
22.624069 3941
22.803264 4013
22.804208 4084
22.805152 4154
22.983882 4223
22.984826 4291
22.985770 4357
23.164500 4422
23.165444 4486
23.166388 4550
23.167332 4613
23.345590 4675
23.346534 4736
23.347478 4796
23.348422 4855
23.526681 4914
23.527625 4972
23.528569 5029
23.529513 5086
23.707299 5142
23.708243 5197
23.709187 5252
23.710131 5306
23.887917 5360
23.888861 5413
23.889805 5466
23.890749 5518
24.068535 5570
24.069479 5621
24.070423 5672
24.071367 5722
24.072311 5772
24.249626 5821
24.250570 5870
24.251514 5918
24.252458 5966
24.253402 6014
24.430716 6061
24.431660 6108
24.432604 6155
24.433548 6201
24.434492 6247
24.611334 6292
24.612278 6337
24.613222 6382
24.614166 6427
24.615110 6471
24.791952 6515
24.792896 6559
24.793840 6602
24.794784 6645
24.795728 6688
24.796672 6730
24.973043 6772
24.973987 6814
24.974931 6856
24.975875 6897
24.976819 6938
24.977763 6979
25.154133 7020
25.155077 7060
25.156021 7100
25.156965 7140
25.157909 7180
25.158853 7220
25.334751 7259
25.335695 7298
25.336639 7337
25.337583 7376
25.338527 7414
25.339471 7452
25.515369 7490
25.516313 7528
25.517257 7566
25.518201 7603
25.519145 7640
25.520089 7677
25.695987 7714
25.696931 7751
25.697875 7788
25.698819 7824
25.699763 7860
25.700707 7896
25.701651 7932
25.877078 7968
25.878022 8004
25.878966 8039
25.879910 8074
25.880854 8109
25.881798 8144
25.882742 8179
26.058168 8214
26.059112 8248
26.060056 8282
26.061000 8316
26.061944 8350
26.062888 8384
26.063832 8418
26.238786 8452
26.239730 8485
26.240674 8518
26.241618 8551
26.242562 8584
26.243506 8617
26.244450 8650
26.419404 8683
26.420348 8716
26.421292 8748
26.422236 8780
26.423180 8812
26.424124 8844
26.425068 8876
26.426012 8908
26.600495 8940
26.601439 8972
26.602383 9004
26.603327 9035
26.604271 9066
26.605215 9097
26.606159 9128
26.607103 9159
26.781585 9190
26.782529 9221
26.783473 9252
26.784417 9283
26.785361 9313
26.786305 9343
26.787249 9373
26.788193 9403
26.962203 9433
26.963147 9463
26.964091 9493
26.965035 9523
26.965979 9553
26.966923 9583
26.967867 9612
26.968811 9641
27.142821 9670
27.143765 9699
27.144709 9728
27.145653 9757
27.146597 9786
27.147541 9815
27.148485 9844
27.149429 9873
27.323440 9902
27.324384 9931
27.325328 9959
27.326272 9987
27.327216 10015
27.328160 10043
27.329104 10071
27.330048 10099
27.330992 10127
27.504530 10155
27.505474 10183
27.506418 10211
27.507362 10239
27.508306 10267
27.509250 10294
27.510194 10321
27.511138 10348
27.512082 10375
27.685620 10402
27.686564 10429
27.687508 10456
27.688452 10483
27.689396 10510
27.690340 10537
27.691284 10564
27.692228 10591
27.693172 10618
27.866238 10645
27.867182 10671
27.868126 10697
27.869070 10723
27.870014 10749
27.870958 10775
27.872854 4824
28.231258 4883
28.232202 4941
28.233146 4999
28.234090 5056
28.411877 5112
28.412821 5168
28.413765 5223
28.414709 5278
28.592495 5332
28.593439 5385
28.594383 5438
28.595327 5490
28.773113 5542
28.774057 5593
28.775001 5644
28.775945 5694
28.776889 5744
28.954203 5794
28.955147 5843
28.956091 5892
28.957035 5940
28.957979 5988
29.135294 6035
29.136238 6082
29.137182 6129
29.138126 6175
29.139070 6221
29.315912 6267
29.316856 6312
29.317800 6357
29.318744 6402
29.319688 6446
29.496530 6490
29.497474 6534
29.498418 6577
29.499362 6620
29.500306 6663
29.501250 6706
29.677620 6748
29.678564 6790
29.679508 6832
29.680452 6874
29.681396 6915
29.682340 6956
29.858711 6997
29.859655 7038
29.860599 7078
29.861543 7118
29.862487 7158
29.863431 7198
30.039801 7237
30.040745 7276
30.041689 7315
30.042633 7354
30.043577 7393
30.044521 7431
30.220419 7469
30.221363 7507
30.222307 7545
30.223251 7583
30.224195 7620
30.225139 7657
30.401037 7694
30.401981 7731
30.402925 7768
30.403869 7804
30.404813 7840
30.405757 7876
30.406701 7912
30.582128 7948
30.583072 7984
30.584016 8019
30.584960 8054
30.585904 8089
30.586848 8124
30.587792 8159
30.763218 8194
30.764162 8229
30.765106 8263
30.766050 8297
30.766994 8331
30.767938 8365
30.768882 8399
30.943836 8433
30.944780 8467
30.945724 8500
30.946668 8533
30.947667 8566
30.949036 3484
31.490481 3566
31.669644 3646
31.671162 1072
32.212458 1340
32.393548 1554
32.574638 1738
32.755728 1903
32.936347 2053
33.116965 2192
33.297583 2323
33.298527 2446
33.478673 2563
33.479617 2675
33.659764 2782
33.660708 2885
33.840854 2984
33.841798 3080
34.021472 3173
34.022416 3263
34.202090 3351
34.203034 3436
34.203978 3519
34.383181 3600
34.384125 3679
34.385069 3757
34.564271 3833
34.565215 3907
34.566159 3980
34.744889 4052
34.745833 4122
34.746777 4191
34.925507 4259
34.926451 4326
34.927395 4392
35.106126 4457
35.107070 4521
35.108014 4584
35.108958 4646
35.287216 4707
35.288160 4768
35.289104 4828
35.290048 4887
35.468306 4945
35.469250 5003
35.470194 5060
35.471138 5116
35.648924 5172
35.649868 5227
35.650812 5281
35.651756 5335
35.829542 5388
35.830486 5441
35.831430 5493
35.832374 5545
36.010161 5596
36.011584 2144
36.372349 2278
36.373293 2404
36.553439 2523
36.554383 2636
36.734529 2744
36.735473 2848
36.915620 2948
36.916564 3045
37.096238 3139
37.097182 3230
37.276856 3318
37.277800 3404
37.278744 3488
37.457946 3570
37.458890 3650
37.459834 3728
37.639037 3805
37.639981 3880
37.640924 3954
37.820127 4026
37.821071 4097
37.822015 4167
38.000745 4235
38.001689 4302
38.002633 4368
38.181363 4433
38.182307 4497
38.183251 4560
38.184195 4623
38.362453 4685
38.363397 4746
38.364341 4806
38.365285 4865
38.543544 4924
38.544488 4982
38.545432 5039
38.546376 5096
38.724162 5152
38.725106 5207
38.726050 5262
38.726994 5316
38.904780 5370
38.905724 5423
38.906668 5475
38.907612 5527
39.085398 5578
39.086342 5629
39.087286 5680
39.088230 5730
39.089174 5780
39.266489 5829
39.267433 5878
39.268377 5926
39.269321 5974
39.270265 6022
39.447579 6069
39.448523 6116
39.449467 6162
39.450411 6208
39.451355 6254
39.628197 6299
39.629141 6344
39.630085 6389
39.631029 6433
39.631973 6477
39.808815 6521
39.809759 6565
39.810703 6608
39.811647 6651
39.812591 6694
39.813535 6736
39.989906 6778
39.990850 6820
39.991794 6862
39.992738 6903
39.993682 6944
39.994626 6985
40.170996 7026
40.171940 7066
40.172884 7106
40.173828 7146
40.174772 7186
40.175716 7225
40.351614 7264
40.352558 7303
40.353502 7342
40.354446 7381
40.355390 7419
40.356334 7457
40.532232 7495
40.533176 7533
40.534120 7571
40.535064 7608
40.536008 7645
40.536952 7682
40.712851 7719
40.713795 7756
40.714739 7793
40.715683 7829
40.716627 7865
40.717571 7901
40.718515 7937
40.893941 7973
40.894885 8009
40.895829 8044
40.896773 8079
40.897717 8114
40.898661 8149
40.899605 8184
41.075031 8219
41.075975 8253
41.076919 8287
41.077863 8321
41.078807 8355
41.079751 8389
41.080695 8423
41.255649 8457
41.256593 8490
41.257537 8523
41.258481 8556
41.259425 8589
41.260369 8622
41.261313 8655
41.436267 8688
41.438163 3752
41.623501 3828
41.797984 3903
41.798935 3976
41.804120 4048
41.978602 4118
41.979554 4187
41.984738 4255
42.159220 4322
42.160172 4388
42.165356 4453
42.339838 4517
42.340782 4580
42.341726 4642
42.346446 4703
42.520929 4764
42.521873 4824
42.522817 4883
42.527537 4941
42.702019 4999
42.702963 5056
42.703907 5112
42.708155 5168
42.882637 5223
42.883581 5278
42.884525 5332
42.888773 5385
43.063255 5438
43.064199 5490
43.065143 5542
43.069391 5593
43.070335 5644
43.244346 5694
43.245290 5744
43.246234 5794
43.250482 5843
43.251426 5892
43.425436 5940
43.426380 5988
43.427324 6035
43.431572 6082
43.432516 6129
43.606526 6175
43.607470 6221
43.608414 6267
43.612190 6312
43.613134 6357
43.787144 6402
43.788088 6446
43.789032 6490
43.792808 6534
43.793752 6577
43.967762 6620
43.968706 6663
43.969650 6706
43.970594 6748
43.973898 6790
43.974842 6832
44.148853 6874
44.149797 6915
44.150741 6956
44.154524 6997
44.155468 2948
44.516241 3045
44.517185 3139
44.696859 3230
44.697803 3318
44.877477 3404
44.878421 3488
44.879365 3570
45.058567 3650
45.059511 3728
45.060455 3805
45.239657 3880
45.240601 3954
45.241545 4026
45.420276 4097
45.421220 4167
45.422164 4235
45.600894 4302
45.601838 4368
45.602782 4433
45.781512 4497
45.782456 4560
45.783400 4623
45.784344 4685
45.962602 4746
45.963546 4806
45.964490 4865
45.965434 4924
46.143693 4982
46.144637 5039
46.145581 5096
46.146525 5152
46.324311 5207
46.325255 5262
46.326199 5316
46.327143 5370
46.504929 5423
46.505873 5475
46.506817 5527
46.507761 5578
46.508705 5629
46.686019 5680
46.686963 5730
46.687907 5780
46.688851 5829
46.689795 5878
46.867110 5926
46.868054 5974
46.868998 6022
46.869942 6069
46.870886 6116
47.048200 6162
47.049144 6208
47.050088 6254
47.051032 6299
47.051976 6344
47.228818 6389
47.229762 6433
47.230706 6477
47.231650 6521
47.232594 6565
47.409436 6608
47.410380 6651
47.411324 6694
47.412268 6736
47.413212 6778
47.414156 6820
47.590527 6862
47.591471 6903
47.592415 6944
47.593359 6985
47.594303 7026
47.595247 7066
47.771617 7106
47.772561 7146
47.773505 7186
47.774449 7225
47.775393 7264
47.776337 7303
47.952235 7342
47.953179 7381
47.954123 7419
47.955067 7457
47.956011 7495
48.132861 2948
48.317727 3045
48.498353 1072
48.859590 1340
49.040680 1554
49.221770 1738
49.402860 1903
49.583478 2053
49.764097 2192
49.944715 2323
49.945659 2446
50.125805 2563
50.126749 2675
50.306895 2782
50.307839 2885
50.487986 2984
50.488930 3080
50.668604 3173
50.669548 3263
50.849222 3351
50.850166 3436
50.851110 3519
51.030312 3600
51.031256 3679
51.032200 3757
51.211403 3833
51.212347 3907
51.213291 3980
51.392021 4052
51.392965 4122
51.393909 4191
51.572639 4259
51.573583 4326
51.574527 4392
51.753257 4457
51.754201 4521
51.755145 4584
51.756089 4646
51.934348 4707
51.935292 4768
51.936236 4828
51.937180 4887
52.115438 4945
52.116382 5003
52.117326 5060
52.118270 5116
52.296056 5172
52.297000 5227
52.297944 5281
52.298888 5335
52.476674 5388
52.477618 5441
52.478562 5493
52.479506 5545
52.657293 5596
52.658237 5647
52.659660 2144
53.020425 2278
53.021369 2404
53.201515 2523
53.202459 2636
53.382605 2744
53.383549 2848
53.567255 2948
53.568199 3045
53.747873 3139
53.748817 3230
53.928584 3318
53.929528 3404
53.930472 3488
54.110146 3570
54.111090 3650
54.112034 3728
54.291708 3805
54.292652 3880
54.293596 3954
54.472799 4026
54.474687 4097
54.653417 4167
54.655305 4235
54.656249 4302
54.834035 4368
54.835923 4433
54.836867 4497
54.837811 4560
55.015133 4623
55.017013 4685
55.017957 4746
55.018901 4806
55.196223 4865
55.198104 4924
55.199048 4982
55.199992 5039
55.377314 5096
55.378722 5152
55.379666 5207
55.380610 5262
55.557932 5316
55.559340 5370
55.560284 5423
55.561228 5475
55.738550 5527
55.739958 5578
55.740902 5629
55.741846 5680
55.742790 5730
55.919640 5780
55.921049 5829
55.921993 5878
55.922937 5926
55.923881 5974
56.100730 6022
56.102139 6069
56.103083 6116
56.104027 6162
56.104971 6208
56.281349 6254
56.282757 6299
56.283701 6344
56.284645 6389
56.285589 6433
56.461967 6477
56.463375 6521
56.464319 6565
56.465263 6608
56.466207 6651
56.467151 6694
56.643057 6736
56.644465 6778
56.645409 6820
56.646353 6862
56.647297 6903
56.648241 6944
56.824147 6985
56.825556 7026
56.826500 7066
56.827444 7106
56.828388 7146
56.829332 7186
57.005238 7225
57.006182 7264
57.007126 7303
57.008070 7342
57.009014 7381
57.009958 7419
57.185856 7457
57.186800 7495
57.187744 7533
57.188688 7571
57.189632 7608
57.190576 7645
57.366474 7682
57.367418 7719
57.368362 7756
57.369306 7793
57.370250 7829
57.371674 3216
57.731974 3305
57.732918 3391
57.911648 3475
57.913064 3557
57.914008 3637
58.092738 3715
58.094154 3792
58.095098 3867
58.273829 3941
58.275245 4013
58.276189 4084
58.454447 4154
58.455863 4223
58.456807 4291
58.635065 4357
58.636481 4422
58.637425 4486
58.638369 4550
58.816155 4613
58.817571 4675
58.818515 4736
58.819459 4796
58.997246 4855
58.998662 4914
58.999606 4972
59.000550 5029
59.178336 5086
59.179280 5142
59.180224 5197
59.181168 5252
59.358954 5306
59.359898 5360
59.360842 5413
59.361786 5466
59.539572 5518
59.540516 5570
59.541460 5621
59.542404 5672
59.543348 5722
59.720663 5772
59.721607 5821
59.722551 5870
59.723495 5918
59.724439 5966
59.901753 6014
59.902697 6061
59.903641 6108
59.904585 6155
59.905529 6201
60.082371 6247
60.083315 6292
60.084259 6337
60.085203 6382
60.086147 6427
60.262989 6471
60.263933 6515
60.264877 6559
60.265821 6602
60.266765 6645
60.443607 6688
60.444551 6730
60.445495 6772
60.446439 6814
60.447383 6856
60.448327 6897
60.624698 6938
60.625642 6979
60.626586 7020
60.627530 7060
60.628474 7100
60.629418 7140
60.805788 7180
60.806732 7220
60.807676 7259
60.808620 7298
60.809564 7337
60.810508 7376
60.986406 7414
60.987350 7452
60.988294 7490
60.989238 7528
60.990182 7566
60.991126 7603
61.167024 7640
61.167968 7677
61.168912 7714
61.169856 7751
61.170800 7788
61.171744 7824
61.172688 7860
61.348115 7896
61.349059 7932
61.350003 7968
61.350947 8004
61.351891 8039
61.352835 8074
61.353779 8109
61.529205 8144
61.530149 8179
61.531093 8214
61.532037 8248
61.532981 8282
61.533925 8316
61.534869 8350
61.709823 8384
61.710767 8418
61.711711 8452
61.712655 8485
61.713599 8518
61.714543 8551
61.715487 8584
61.890441 8617
61.891440 8650
61.892809 3752
62.251686 3828
62.252684 3903
62.253628 3976
62.432304 4048
62.433303 4118
62.434247 4187
62.612922 4255
62.613921 4322
62.614865 4388
62.793540 4453
62.794539 4517
62.795483 4580
62.796427 4642
62.974630 4703
62.975629 4764
62.976573 4824
63.155256 4883
63.156255 1876
63.517445 2029
63.698063 2170
63.878681 2302
63.879625 2426
64.059771 2544
64.060715 2656
64.240861 2764
64.241805 2867
64.421952 2967
64.422896 3063
64.602570 3156
64.603514 3247
64.783188 3335
64.784132 3421
64.785076 3504
64.964278 3585
64.965222 3665
64.966166 3743
65.145369 3819
65.146313 3894
65.147257 3967
65.326459 4039
65.327403 4110
65.328347 4179
65.507077 4247
65.508021 4314
65.508965 4380
65.687695 4445
65.688694 4509
65.689638 1608
66.050882 1786
66.231501 1946
66.412119 2093
66.592737 2230
66.773355 2358
66.774299 2479
66.954446 2594
66.955390 2704
67.135536 2810
67.136480 2912
67.316154 3010
67.317098 3105
67.496772 3197
67.497716 3286
67.677391 3373
67.678335 3458
67.679279 3541
67.858481 3622
67.859425 3701
67.860369 3778
68.039571 3854
68.040515 3928
68.041459 4001
68.220189 4072
68.221133 4142
68.222077 4211
68.400807 4279
68.401751 4346
68.402695 4412
68.582377 1608
69.124727 1786
69.305345 1946
69.485964 2093
69.667031 2230
69.848593 2358
69.849537 2479
70.029683 2594
70.030627 2704
70.210774 2810
70.211718 2912
70.391392 3010
70.392336 3105
70.572482 3197
70.573426 3286
70.754044 3373
70.754988 3458
70.755932 3541
70.935134 3622
70.936078 3701
70.937022 3778
71.116225 3854
71.117169 3928
71.118113 4001
71.296843 4072
71.297787 4142
71.298731 4211
71.478405 4279
71.479349 4346
71.480293 4412
71.659023 4477
71.659967 4541
71.660911 4604
71.661855 4666
71.840114 4727
71.841058 4787
71.842002 4847
71.842946 4906
72.021204 4964
72.022148 5021
72.023092 5078
72.024036 5134
72.201822 5189
72.202766 5244
72.203710 5298
72.204654 5352
72.383384 5405
72.384328 5458
72.385272 5510
72.386216 5562
72.564003 5613
72.564947 5664
72.565891 5714
72.566835 5764
72.567779 5813
72.745093 5862
72.746037 5911
72.746981 5959
72.747925 6007
72.748869 6054
72.926183 6101
72.927127 6148
72.928071 6194
72.929015 6240
72.929959 6286
73.106801 6331
73.107745 6376
73.108689 6421
73.109633 6465
73.110577 6509
73.287420 6553
73.288364 6596
73.289308 6639
73.290252 6682
73.291196 6724
73.292140 6766
73.468510 6808
73.469454 6850
73.470398 6891
73.471342 6932
73.472286 6973
73.473230 7014
73.649600 7054
73.650544 7094
73.651488 7134
73.652432 7174
73.653376 7214
73.654320 7253
73.830218 7292
73.831162 7331
73.832106 7370
73.833050 7408
73.833994 7446
73.834938 7484
74.011316 7522
74.012260 7560
74.013204 7598
74.014148 7635
74.015092 7672
74.016036 7709
74.191934 7746
74.193358 3216
74.553186 3305
74.554130 3391
74.555074 3475
74.735220 3557
74.736164 3637
74.737108 3715
74.916311 3792
74.917255 3867
74.918199 3941
75.097401 4013
75.098345 4084
75.099289 4154
75.278019 4223
75.278963 4291
75.279907 4357
75.458637 4422
75.459581 4486
75.460525 4550
75.461469 4613
75.639728 4675
75.640672 4736
75.641616 4796
75.642560 4855
75.821290 4914
75.822234 4972
75.823178 5029
75.824122 5086
76.001908 5142
76.002852 5197
76.003796 5252
76.004740 5306
76.182526 5360
76.183470 5413
76.184414 5466
76.185358 5518
76.363617 5570
76.364561 5621
76.365505 5672
76.366449 5722
76.367393 5772
76.545651 5821
76.546595 5870
76.547539 5918
76.548483 5966
76.549427 6014
76.726741 6061
76.727685 6108
76.728637 6155
76.729581 2412
77.090353 2531
77.091297 2644
77.271443 2752
77.272387 2856
77.452533 2956
77.453477 3053
77.633152 3147
77.634096 3238
77.813770 3326
77.814714 3412
77.815658 3496
77.994860 3578
77.995804 3658
77.996748 3736
78.175950 3812
78.176894 3887
78.177838 3960
78.357041 4032
78.357985 4103
78.358929 4173
78.537659 4241
78.538603 4308
78.539547 4374
78.718277 4439
78.719221 4503
78.720165 4566
78.721109 4628
78.899367 4690
78.900311 4751
78.901255 4811
78.902199 4870
79.080458 4928
79.081402 4986
79.082346 5043
79.083290 5099
79.261076 5155
79.262020 5210
79.262964 5265
79.263908 5319
79.441694 5373
79.442638 5426
79.443582 5478
79.444526 5530
79.622312 5581
79.623256 5632
79.624200 5683
79.625144 5733
79.626088 5783
79.803402 5832
79.804346 5881
79.805290 5929
79.806234 5977
79.807178 6025
79.984493 6072
79.985437 6119
79.986381 6165
79.987325 6211
79.988269 6257
80.165111 6302
80.166055 6347
80.166999 6392
80.167943 6436
80.168887 6480
80.345729 6524
80.346673 6568
80.347617 6611
80.348561 6654
80.349505 6697
80.350449 6739
80.526819 6781
80.527763 6823
80.528707 6865
80.529651 6906
80.530595 6947
80.531539 6988
80.707910 7029
80.708854 7069
80.709798 7109
80.710742 7149
80.711686 7189
80.712630 7228
80.888528 7267
80.889527 7306
80.890896 2948
81.250771 3045
81.251715 3139
81.431389 3230
81.432333 3318
81.612007 3404
81.612951 3488
81.613895 3570
81.793098 3650
81.794042 3728
81.794986 3805
81.974188 3880
81.975132 3954
82.154814 1340
82.516932 1554
82.698022 1738
82.879112 1903
83.059730 2053
83.241293 2192
83.421911 2323
83.422855 2446
83.603001 2563
83.603945 2675
83.784091 2782
83.785035 2885
83.965182 2984
83.966126 3080
84.146272 3173
84.147216 3263
84.326890 3351
84.327834 3436
84.328778 3519
84.508452 3600
84.509396 3679
84.510340 3757
84.689543 3833
84.690487 3907
84.691431 3980
84.870633 4052
84.871577 4122
84.872521 4191
85.051251 4259
85.052195 4326
85.053139 4392
85.231869 4457
85.232813 4521
85.233757 4584
85.234701 4646
85.413431 4707
85.414375 4768
85.415319 4828
85.416263 4887
85.594522 4945
85.595466 5003
85.596410 5060
85.597354 5116
85.775612 5172
85.776556 5227
85.777500 5281
85.778444 5335
85.956230 5388
85.957174 5441
85.958118 5493
85.959062 5545
86.137320 5596
86.138264 5647
86.139208 5697
86.140152 5747
86.141096 5796
86.318883 5845
86.319827 5894
86.320771 5942
86.321715 5990
86.322659 6037
86.500445 6084
86.501389 6131
86.502333 6177
86.503277 6223
86.504221 6269
86.681063 6314
86.682007 6359
86.682951 6404
86.683895 6448
86.684839 6492
86.861681 6536
86.862625 6579
86.863569 6622
86.864513 6665
86.865457 6708
86.866401 6750
87.043244 6792
87.044188 6834
87.045139 6876
87.046563 2680
87.406863 2787
87.407815 2890
87.586530 2989
87.587953 3085
87.767148 3178
87.768572 3268
87.948223 3355
87.949190 3440
87.950134 3523
88.130257 3604
88.131201 3683
88.132145 3761
88.311347 3837
88.312291 3911
88.313235 3984
88.491965 4056
88.492909 4126
88.493853 4195
88.672584 4263
88.673528 4330
88.674472 4396
88.854146 4461
88.855090 4525
88.856034 4588
88.856978 4650
89.035236 4711
89.036180 4771
89.037124 4831
89.038068 4890
89.216326 4948
89.217270 5006
89.218214 5063
89.219158 5119
89.396945 5175
89.397889 5230
89.398833 5284
89.399777 5338
89.578035 5391
89.578979 5444
89.579923 5496
89.580867 5548
89.759597 5599
89.760541 5650
89.761485 5700
89.762429 5750
89.763373 5799
89.940687 5848
89.941631 5897
89.942575 5945
89.943519 5993
89.944463 6040
90.121778 6087
90.122722 6134
90.123666 6180
90.124610 6226
90.125554 6272
90.302396 6317
90.303340 6362
90.304284 6407
90.305228 6451
90.306172 6495
90.483958 6539
90.484902 6582
90.485846 6625
90.486790 6668
90.487734 6711
90.488678 6753
90.665048 6795
90.665992 6837
90.666936 6879
90.667880 6920
90.668824 6961
90.669768 7002
90.846139 7043
90.847083 7083
90.848027 7123
90.848971 7163
90.849915 7203
90.850859 7242
91.026757 7281
91.027701 7320
91.028645 7359
91.029589 7398
91.030588 7436
91.031956 2948
91.392721 3045
91.393665 3139
91.573339 3230
91.574283 3318
91.753957 3404
91.754901 3488
91.755845 3570
91.935048 3650
91.935992 3728
91.936936 3805
92.116138 3880
92.117082 3954
92.118026 4026
92.296756 4097
92.297700 4167
92.298644 4235
92.477429 4302
92.478798 1608
92.840089 1786
93.020708 1946
93.201326 2093
93.381944 2230
93.562562 2358
93.563506 2479
93.743653 2594
93.744597 2704
93.924743 2810
93.925687 2912
94.105361 3010
94.106305 3105
94.285979 3197
94.286923 3286
94.466598 3373
94.467542 3458
94.468486 3541
94.647688 3622
94.648632 3701
94.649576 3778
94.828778 3854
94.829722 3928
94.830666 4001
95.009396 4072
95.010340 4142
95.011284 4211
95.190014 4279
95.190958 4346
95.191902 4412
95.370633 4477
95.371577 4541
95.372521 4604
95.373465 4666
95.551723 4727
95.552667 4787
95.553611 4847
95.554555 4906
95.732813 4964
95.733757 5021
95.734701 5078
95.735645 5134
95.913431 5189
95.914375 5244
95.915319 5298
95.916263 5352
96.094050 5405
96.094994 5458
96.095938 5510
96.096882 5562
96.274668 5613
96.275612 5664
96.276556 5714
96.277500 5764
96.278444 5813
96.455758 5862
96.456702 5911
96.457646 5959
96.458590 6007
96.459534 6054
96.636848 6101
96.637792 6148
96.638736 6194
96.639680 6240
96.640624 6286
96.817467 6331
96.818411 6376
96.819355 6421
96.820299 6465
96.821243 6509
96.998085 6553
96.999029 6596
96.999973 6639
97.000917 6682
97.001861 6724
97.002805 6766
97.179175 6808
97.180119 6850
97.181063 6891
97.182007 6932
97.182951 6973
97.183895 7014
97.360721 7054
97.361665 7094
97.362609 7134
97.363553 7174
97.364497 7214
97.365441 7253
97.541339 7292
97.542283 7331
97.543227 7370
97.544171 7408
97.545115 7446
97.546059 7484
97.721957 7522
97.722901 7560
97.723845 7598
97.724789 7635
97.725733 7672
97.726677 7709
97.903048 7746
97.903992 7783
97.904936 7819
97.905880 7855
97.906824 7891
97.907768 7927
97.908712 7963
98.085082 7999
98.086026 8034
98.086970 8069
98.087914 8104
98.088858 8139
98.089802 8174
98.090746 8209
98.266172 8243
98.267116 8277
98.268060 8311
98.269004 8345
98.269948 8379
98.270892 8413
98.271836 8447
98.446790 8481
98.447734 8514
98.448678 8547
98.449622 8580
98.450566 8613
98.451510 8646
98.452454 8679
98.627408 8712
98.628352 8744
98.629296 8776
98.630240 8808
98.631184 8840
98.632128 8872
98.633072 8904
98.634016 8936
98.808499 8968
98.809443 9000
98.810387 9031
98.811331 9062
98.812275 9093
98.813219 9124
98.814163 9155
98.815107 9186
98.990061 9217
98.991005 9248
98.991949 9279
98.992893 9309
98.993837 9339
98.994781 9369
98.995725 9399
98.996669 9429
99.170679 9459
99.171623 9489
99.172567 9519
99.173511 9549
99.174455 9579
99.175399 9608
99.176343 9637
99.177287 9666
99.351297 9695
99.352241 9724
99.353185 9753
99.354129 9782
99.355073 9811
99.356017 9840
99.356961 9869
99.357905 9898
99.358849 9927
99.532388 9955
99.533332 9983
99.534276 10011
99.535220 10039
99.536164 10067
99.537108 10095
99.538052 10123
99.538996 10151
99.539940 10179
99.713478 10207
99.714422 10235
99.715366 10263
99.716310 10290
99.717254 10317
99.718198 10344
99.719142 10371
99.720086 10398
99.721030 10425
99.895040 10452
99.895984 10479
99.896928 10506
99.897872 10533
99.898816 10560
99.899760 10587
99.900704 10614
99.901648 10641
99.902592 10667
100.075658 10693
100.076602 10719
100.077546 10745
100.078490 10771
100.079434 10797
100.080378 10823
100.081322 10849
100.082266 10875
100.083210 10901
100.256277 10927
100.257221 10953
100.258165 10979
100.259109 11005
100.260053 11031
100.260997 11057
100.261941 11082
100.262885 11107
100.263829 11132
100.264773 11157
100.437839 11182
100.438783 11207
100.439727 11232
100.440671 11257
100.441615 11282
100.442559 11307
100.443503 11332
100.444447 11357
100.445391 11382
100.446335 11407
100.619401 11432
100.620345 11457
100.621289 11482
100.622233 11507
100.623177 11531
100.624121 11555
100.625065 11579
100.626009 11603
100.626953 11627
100.627897 11651
100.800019 11675
100.800963 11699
100.801907 11723
100.802851 11747
100.803795 11771
100.804739 11795
100.805683 11819
100.806627 11843
100.807571 11867
100.808515 11891
100.980638 11915
100.981582 11939
100.982526 11963
100.983470 11987
100.984414 12010
100.985358 12033
100.986302 12056
100.987246 12079
100.988190 12102
100.989134 12125
100.990078 12148
101.161728 12171
101.162672 12194
101.163616 12217
101.164560 12240
101.165504 12263
101.166448 12286
101.167392 12309
101.168336 12332
101.169280 12355
101.170224 12378
101.171168 12401
101.342818 12424
101.343762 12447
101.344706 12470
101.345650 12493
101.346594 12515
101.347538 12537
101.348482 12559
101.349426 12581
101.350370 12603
101.351314 12625
101.352258 12647
101.523908 12669
101.524852 12691
101.525796 12713
101.526740 12735
101.527684 12757
101.528628 12779
101.529572 12801
101.530516 12823
101.531460 12845
101.532404 12867
101.533348 12889
101.704526 12911
101.705470 12933
101.706414 12955
101.707358 12977
101.708302 12999
101.709246 13021
101.710190 13043
101.711134 13065
101.712078 13086
101.713022 13107
101.713966 13128
101.714910 13149
101.886089 13170
101.887033 13191
101.887977 13212
101.888921 13233
101.889865 13254
101.890809 13275
101.891753 13296
101.892697 13317
101.893641 13338
101.894585 13359
101.895529 13380
101.896473 13401
102.067179 13422
102.068123 13443
102.069067 13464
102.070011 13485
102.070955 13506
102.071899 13527
102.072843 13548
102.073787 13569
102.074731 13590
102.075675 13611
102.076619 13632
102.077563 13653
102.248269 13674
102.249213 13695
102.250157 13715
102.251101 13735
102.252045 13755
102.252989 13775
102.253933 13795
102.254877 13815
102.255821 13835
102.256765 13855
102.257709 13875
102.258653 13895
102.428887 13915
102.429831 13935
102.430775 13955
102.431719 13975
102.432663 13995
102.433662 14015
102.435031 6432
102.792492 6476
102.793436 6520
102.794380 6564
102.795324 6607
102.796268 6650
102.797212 6693
102.973582 6735
102.974526 6777
102.975470 6819
102.976414 6861
102.977358 6902
102.978302 6943
103.154672 6984
103.155616 7025
103.156560 7065
103.157504 7105
103.158448 7145
103.159392 7185
103.335762 7224
103.336706 7263
103.337650 7302
103.338594 7341
103.339538 7380
103.340482 7418
103.516381 7456
103.517325 7494
103.518269 7532
103.519213 7570
103.520157 7607
103.521101 7644
103.696999 7681
103.697943 7718
103.698887 7755
103.699831 7792
103.700775 7828
103.701719 7864
103.702663 7900
103.878089 7936
103.879033 7972
103.879977 8008
103.880921 8043
103.881865 8078
103.882809 8113
103.883753 8148
104.059179 8183
104.060123 8218
104.061067 8252
104.062011 8286
104.062955 8320
104.063899 8354
104.064843 8388
104.239797 8422
104.240741 8456
104.241685 8489
104.242629 8522
104.243573 8555
104.244517 8588
104.245461 8621
104.420416 8654
104.421360 8687
104.422304 8720
104.423248 8752
104.424192 8784
104.425136 8816
104.426080 8848
104.427024 8880
104.601506 8912
104.602450 8944
104.603394 8976
104.604338 9008
104.605282 9039
104.606226 9070
104.607170 9101
104.608114 9132
104.782596 9163
104.783540 9194
104.784484 9225
104.785428 9256
104.786372 9287
104.787316 9317
104.788260 9347
104.789204 9377
104.963214 9407
104.964158 9437
104.965102 9467
104.966046 9497
104.966990 9527
104.967934 9557
104.968878 9587
104.969822 9616
105.143833 9645
105.144777 9674
105.145721 9703
105.146665 9732
105.148560 4288
105.507437 4355
105.508381 4420
105.509325 4484
105.510269 4548
105.688527 4611
105.689471 4673
105.690415 4734
105.691359 4794
105.869617 4853
105.870561 4912
105.871505 4970
105.872449 5027
106.050708 5084
106.051652 5140
106.052595 5195
106.053539 5250
106.231326 5304
106.232270 5358
106.233214 5411
106.234158 5464
106.411944 5516
106.412888 5568
106.413832 5619
106.414776 5670
106.415720 5720
106.593034 5770
106.593978 5819
106.594922 5868
106.595866 5916
106.596810 5964
106.774124 6012
106.775068 6059
106.776012 6106
106.776956 6153
106.777900 6199
106.954743 6245
106.955687 6291
106.956631 6336
106.957575 6381
106.958519 6426
107.135361 6470
107.136305 6514
107.137249 6558
107.138193 6601
107.139137 6644
107.315979 6687
107.316923 6729
107.317867 6771
107.318811 6813
107.319755 6855
107.320699 6896
107.497069 6937
107.498013 6978
107.498957 7019
107.499901 7059
107.500845 7099
107.501789 7139
107.678160 7179
107.679104 7219
107.680048 7258
107.680992 7297
107.681936 7336
107.682880 7375
107.858778 7413
107.859722 7451
107.860666 7489
107.861610 7527
107.862554 7565
107.863498 7602
108.039396 7639
108.040340 7676
108.041284 7713
108.042228 7750
108.043172 7787
108.044116 7823
108.045060 7859
108.220486 7895
108.221430 7931
108.222374 7967
108.223318 8003
108.224262 8038
108.225206 8073
108.226150 8108
108.401577 8143
108.402521 8178
108.403465 8213
108.404409 8247
108.405353 8281
108.406297 8315
108.407241 8349
108.582195 8383
108.583139 8417
108.584083 8451
108.585027 8484
108.585971 8517
108.586915 8550
108.587859 8583
108.762813 8616
108.763757 8649
108.764701 8682
108.765645 8715
108.766589 8747
108.767533 8779
108.768477 8811
108.769421 8843
108.943903 8875
108.944847 8907
108.945791 8939
108.946735 8971
108.947679 9003
108.948623 9034
108.949567 9065
108.950511 9096
109.124994 9127
109.125938 9158
109.126882 9189
109.127826 9220
109.128770 9251
109.129714 9282
109.130658 9312
109.131602 9342
109.306084 9372
109.307028 9402
109.307972 9432
109.308916 9462
109.309860 9492
109.310804 9522
109.311748 9552
109.312692 9582
109.486702 9611
109.487646 9640
109.488590 9669
109.489534 9698
109.490478 9727
109.491422 9756
109.492366 9785
109.493310 9814
109.667320 9843
109.668264 9872
109.669208 9901
109.670152 9930
109.671096 9958
109.672040 9986
109.672984 10014
109.673928 10042
109.674872 10070
109.848410 10098
109.849354 10126
109.850298 10154
109.851242 10182
109.852186 10210
109.853130 10238
109.854074 10266
109.855018 10293
109.855962 10320
110.029501 10347
110.030445 10374
110.031389 10401
110.032333 10428
110.033277 10455
110.034221 10482
110.035165 10509
110.036109 10536
110.037053 10563
110.210119 10590
110.211118 10617
110.212487 4556
110.398769 4619
110.571921 4681
110.572865 4742
110.573809 4802
110.579859 4861
110.753011 4920
110.753955 4978
110.754899 5035
110.760949 5092
110.933629 5148
110.934573 5203
110.935517 5258
110.941568 5312
111.114247 5366
111.115191 5419
111.116135 5472
111.122186 5524
111.295802 5576
111.296746 5627
111.297690 5678
111.298634 5728
111.303276 5778
111.476892 5827
111.477836 5876
111.478780 5924
111.479724 5972
111.484366 6020
111.657982 6067
111.658926 6114
111.659870 6160
111.660814 6206
111.664984 6252
111.838601 6297
111.840496 2412
112.200797 2531
112.201740 2644
112.381887 2752
112.382831 2856
112.562977 2956
112.563921 3053
112.743595 3147
112.744539 3238
112.924213 3326
112.925157 3412
112.926101 3496
113.105304 3578
113.106248 3658
113.107192 3736
113.286394 3812
113.287338 3887
113.288282 3960
113.467484 4032
113.468428 4103
113.469372 4173
113.648102 4241
113.649101 4308
113.650470 1608
114.011761 1786
114.192380 1946
114.372998 2093
114.553616 2230
114.734234 2358
114.735178 2479
114.915325 2594
114.916269 2704
115.096415 2810
115.097359 2912
115.277088 3010
115.278457 1072
115.639748 1340
115.820838 1554
116.001929 1738
116.183019 1903
116.363637 2053
116.544255 2192
116.724874 2323
116.725818 2446
116.905964 2563
116.906908 2675
117.087054 2782
117.087998 2885
117.268144 2984
117.269088 3080
117.448762 3173
117.449706 3263
117.629381 3351
117.630325 3436
117.631269 3519
117.810471 3600
117.811415 3679
117.812359 3757
117.991561 3833
117.992505 3907
117.993449 3980
118.172179 4052
118.173123 4122
118.174067 4191
118.352798 4259
118.353742 4326
118.354686 4392
118.533416 4457
118.534360 4521
118.535304 4584
118.536248 4646
118.714506 4707
118.715450 4768
118.716394 4828
118.717338 4887
118.895596 4945
118.896540 5003
118.897484 5060
118.898428 5116
119.076215 5172
119.077159 5227
119.078103 5281
119.079047 5335
119.256833 5388
119.257777 5441
119.258721 5493
119.259665 5545
119.437451 5596
119.438395 5647
119.439339 5697
119.440283 5747
119.441227 5796
119.618541 5845
119.619485 5894
119.620429 5942
119.621373 5990
119.622317 6037
119.799632 6084
119.800576 6131
119.801520 6177
119.802464 6223
119.803408 6269
119.980250 6314
119.981249 6359
119.982617 2412
120.342965 2531
120.343909 2644
120.524055 2752
120.524999 2856
120.705145 2956
120.706089 3053
120.885764 3147
120.886708 3238
121.066382 3326
121.067326 3412
121.068270 3496
121.247472 3578
121.248416 3658
121.249360 3736
121.428562 3812
121.429506 3887
121.430450 3960
121.609652 4032
121.610596 4103
121.611540 4173
121.790271 4241
121.791215 4308
121.792159 4374
121.970889 4439
121.971833 4503
121.972777 4566
121.973721 4628
122.151979 4690
122.152923 4751
122.153867 4811
122.154811 4870
122.333549 4928
122.334493 1876
122.695737 2029
122.876355 2170
123.056974 2302
123.057918 2426
123.238064 2544
123.239008 2656
123.419154 2764
123.420098 2867
123.600244 2967
123.601196 3063
123.781342 1072
124.503831 1340
124.684921 1554
124.866011 1738
125.047101 1903
125.227720 2053
125.408338 2192
125.588956 2323
125.589900 2446
125.770046 2563
125.770990 2675
125.951137 2782
125.952081 2885
126.132227 2984
126.133171 3080
126.312845 3173
126.313789 3263
126.493463 3351
126.494407 3436
126.495351 3519
126.674553 3600
126.675497 3679
126.676441 3757
126.855644 3833
126.856588 3907
126.857532 3980
127.036317 4052
127.037686 1340
127.398977 1554
127.580067 1738
127.761157 1903
127.941776 2053
128.122394 2192
128.303012 2323
128.303956 2446
128.484102 2563
128.485046 2675
128.665193 2782
128.666137 2885
128.846283 2984
128.847227 3080
129.026901 3173
129.027845 3263
129.207519 3351
129.208463 3436
129.209407 3519
129.388610 3600
129.389554 3679
129.390498 3757
129.569700 3833
129.570644 3907
129.571588 3980
129.750318 4052
129.751262 4122
129.752206 4191
129.930936 4259
129.931880 4326
129.932824 4392
130.111555 4457
130.112499 4521
130.113443 4584
130.114387 4646
130.292645 4707
130.293589 4768
130.294533 4828
130.295477 4887
130.473735 4945
130.474679 5003
130.475623 5060
130.476567 5116
130.654353 5172
130.655297 5227
130.656241 5281
130.657185 5335
130.834971 5388
130.835915 5441
130.836859 5493
130.837803 5545
131.015590 5596
131.016534 5647
131.017478 5697
131.018422 5747
131.019366 5796
131.196680 5845
131.197624 5894
131.198568 5942
131.199512 5990
131.200456 6037
131.377770 6084
131.378714 6131
131.379658 6177
131.380602 6223
131.381546 6269
131.558388 6314
131.559332 6359
131.560276 6404
131.561220 6448
131.562164 6492
131.739007 6536
131.739951 6579
131.740895 6622
131.741839 6665
131.742783 6708
131.743727 6750
131.920097 6792
131.921041 6834
131.921985 6876
131.922929 6917
131.923873 6958
131.924817 6999
132.101187 7040
132.102131 7080
132.103075 7120
132.104019 7160
132.104963 7200
132.105907 7239
132.281805 7278
132.282749 7317
132.283693 7356
132.284637 7395
132.286533 2948
132.646841 3045
132.647785 1072
133.009501 1340
133.190591 1554
133.371682 1738
133.552772 1903
133.733390 2053
133.914008 2192
134.094626 2323
134.095570 2446
134.275717 2563
134.276661 2675
134.456807 2782
134.457751 2885
134.637897 2984
134.638841 3080
134.819467 1072
135.180711 1340
135.361801 1554
135.542892 1738
135.723982 1903
135.904600 2053
136.085218 2192
136.265837 2323
136.266781 2446
136.446927 2563
136.627553 2675
136.808179 1072
137.169415 1340
137.350505 1554
137.531596 1738
137.712686 1903
137.893304 2053
138.073922 2192
138.254541 2323
138.255485 2446
138.435631 2563
138.436575 2675
138.616721 2782
138.617665 2885
138.797811 2984
138.798755 3080
138.978430 3173
138.979374 3263
139.159239 3351
139.160183 3436
139.161127 3519
139.340329 3600
139.341273 3679
139.342217 3757
139.521419 3833
139.522363 3907
139.523307 3980
139.702038 4052
139.702982 4122
139.703926 4191
139.883600 4259
139.884544 4326
139.885488 4392
140.064218 4457
140.065162 4521
140.066106 4584
140.067050 4646
140.245780 4707
140.246724 4768
140.247668 4828
140.248612 4887
140.426870 4945
140.427814 5003
140.428758 5060
140.429702 5116
140.607961 5172
140.608905 5227
140.609849 5281
140.610793 5335
140.788579 5388
140.789523 5441
140.790467 5493
140.791411 5545
140.969205 5596
140.970149 5647
140.971093 5697
140.972037 5747
140.972981 5796
141.150303 5845
141.151247 5894
141.152191 5942
141.153135 5990
141.154079 6037
141.331393 6084
141.332337 6131
141.333281 6177
141.334225 6223
141.335169 6269
141.512011 6314
141.512955 6359
141.513899 6404
141.514843 6448
141.515787 6492
141.692630 6536
141.693574 6579
141.694518 6622
141.695461 6665
141.696405 6708
141.697349 6750
141.873720 6792
141.874664 6834
141.875608 6876
141.876552 6917
141.877496 6958
141.878440 6999
142.054810 7040
142.055754 7080
142.056698 7120
142.057642 7160
142.058586 7200
142.059530 7239
142.235428 7278
142.236372 7317
142.237316 7356
142.238260 7395
142.239204 7433
142.240148 7471
142.416046 7509
142.416990 7547
142.417934 7585
142.418878 7622
142.419822 7659
142.420766 7696
142.596665 7733
142.597609 7770
142.598553 7806
142.599497 7842
142.600441 7878
142.601385 7914
142.602329 7950
142.777755 7986
142.778699 8021
142.779643 8056
142.780587 8091
142.781531 8126
142.782475 8161
142.783419 8196
142.958845 8231
142.959789 8265
142.960733 8299
142.961677 8333
142.962621 8367
142.963565 8401
142.964509 8435
143.139463 8469
143.140407 8502
143.141351 8535
143.142295 8568
143.143239 8601
143.144183 8634
143.145127 8667
143.320082 8700
143.321026 8733
143.321970 8765
143.322914 8797
143.323858 8829
143.324802 8861
143.325746 8893
143.326690 8925
143.501172 8957
143.502116 8989
143.503060 9020
143.504004 9051
143.504948 9082
143.505892 9113
143.506836 9144
143.507780 9175
143.682262 9206
143.684158 4020
143.869968 4091
144.043978 4161
144.044930 4230
144.050586 4297
144.224596 4363
144.225548 4428
144.231204 4492
144.232148 4555
144.405687 4618
144.406638 4680
144.412295 4741
144.413239 4801
144.586777 4860
144.587729 4919
144.593385 4977
144.594329 5034
144.767867 5091
144.768811 5147
144.774003 5202
144.774947 5257
144.948485 5311
144.949429 5365
144.954621 5418
144.955565 5471
145.129104 5523
145.130048 5575
145.130992 5626
145.135712 5677
145.136656 5727
145.310194 5777
145.311138 5826
145.312082 5875
145.316802 5923
145.317746 5971
145.491284 6019
145.492228 6066
145.493172 6113
145.497892 6159
145.498836 6205
145.671902 6251
145.672846 6296
145.673790 6341
145.678510 6386
145.679454 6430
145.852521 6474
145.853465 6518
145.854409 6562
145.859129 6605
145.860073 6648
146.033139 6691
146.034083 6733
146.035027 6775
146.035971 6817
146.040219 6859
146.041163 6900
146.214229 6941
146.215173 6982
146.216117 7023
146.217061 7063
146.221309 7103
146.394855 7143
146.395799 2948
146.756099 3045
146.757043 3139
146.936717 3230
146.937661 3318
147.117336 3404
147.118280 3488
147.119224 3570
147.298426 3650
147.299370 3728
147.300314 3805
147.479516 3880
147.480460 3954
147.481404 4026
147.660134 4097
147.661078 4167
147.662022 4235
147.840753 4302
147.841697 4368
147.842641 4433
148.021371 4497
148.022315 4560
148.023259 4623
148.024203 4685
148.202941 4746
148.203885 1608
148.565129 1786
148.745747 1946
148.926365 2093
149.106984 2230
149.288515 2358
149.289459 2479
149.469605 2594
149.470549 2704
149.650696 2810
149.651640 2912
149.831314 3010
149.832258 3105
150.011932 3197
150.012876 3286
150.192550 3373
150.193494 3458
150.194438 3541
150.373641 3622
150.374585 3701
150.375529 3778
150.554731 3854
150.555675 3928
150.556619 4001
150.735349 4072
150.736293 4142
150.737237 4211
150.915967 4279
150.916911 4346
150.917855 4412
151.096585 4477
151.097529 4541
151.098473 4604
151.099417 4666
151.277676 4727
151.278620 4787
151.279564 4847
151.280508 4906
151.458766 4964
151.459710 5021
151.460654 5078
151.461598 5134
151.639384 5189
151.640328 5244
151.641272 5298
151.642216 5352
151.820002 5405
151.820946 5458
151.821890 5510
151.822834 5562
152.000621 5613
152.001565 5664
152.002509 5714
152.003453 5764
152.004397 5813
152.181711 5862
152.182655 5911
152.183599 5959
152.184543 6007
152.185487 6054
152.362801 6101
152.363745 6148
152.364689 6194
152.365633 6240
152.366577 6286
152.543419 6331
152.544363 6376
152.545307 6421
152.546251 6465
152.547195 6509
152.724038 6553
152.724982 6596
152.725926 6639
152.726870 6682
152.727814 6724
152.728758 6766
152.905128 6808
152.906072 6850
152.907016 6891
152.907960 6932
152.908904 6973
152.909848 7014
153.086218 7054
153.087162 7094
153.088106 7134
153.089050 7174
153.089994 7214
153.090938 7253
153.266836 7292
153.267780 7331
153.268724 7370
153.269668 7408
153.270612 7446
153.271556 7484
153.447455 7522
153.448399 7560
153.449343 7598
153.450287 7635
153.451231 7672
153.452175 7709
153.628073 7746
153.629017 7783
153.629961 7819
153.630905 7855
153.631849 7891
153.632793 7927
153.633737 7963
153.809163 7999
153.810107 8034
153.811051 8069
153.811995 8104
153.812939 8139
153.813883 8174
153.814827 8209
153.990253 8243
153.991197 8277
153.992141 8311
153.993085 8345
153.994029 8379
153.994973 8413
153.995917 8447
154.170872 8481
154.171816 8514
154.172760 8547
154.173703 8580
154.174647 8613
154.175591 8646
154.176535 8679
154.351490 8712
154.352434 8744
154.353378 8776
154.354322 8808
154.355266 8840
154.356210 8872
154.357154 8904
154.358098 8936
154.532580 8968
154.533524 9000
154.534468 9031
154.535412 9062
154.536356 9093
154.537300 9124
154.538244 9155
154.539188 9186
154.713670 9217
154.714614 9248
154.715558 9279
154.717454 4020
155.076346 4091
155.077290 4161
155.078234 4230
155.256964 4297
155.257908 4363
155.258852 4428
155.437582 4492
155.438526 4555
155.439470 4618
155.440414 4680
155.618672 4741
155.619616 4801
155.620560 4860
155.621504 4919
155.799763 4977
155.800707 5034
155.801651 5091
155.802595 5147
155.980381 5202
155.981325 5257
155.982269 5311
155.983213 5365
156.160999 5418
156.161943 5471
156.162887 5523
156.163831 5575
156.164775 5626
156.342089 5677
156.343033 5727
156.343977 5777
156.344921 5826
156.345865 5875
156.523180 5923
156.525075 2412
156.885840 2531
156.886784 2644
157.066930 2752
157.067874 2856
157.248020 2956
157.248964 3053
157.428638 3147
157.429582 3238
157.609257 3326
157.610201 3412
157.611145 3496
157.790347 3578
157.791291 3658
157.792235 3736
157.971437 3812
157.972381 3887
157.973325 3960
158.152527 4032
158.153471 4103
158.154415 4173
158.333146 4241
158.334090 4308
158.335034 4374
158.513764 4439
158.514708 4503
158.515652 4566
158.516596 4628
158.695318 4690
158.696262 4751
158.697206 4811
158.698150 4870
158.876409 4928
158.877353 4986
158.878297 5043
158.879241 5099
159.057027 5155
159.057971 5210
159.058915 5265
159.059859 5319
159.237645 5373
159.238589 5426
159.239533 5478
159.240477 5530
159.419207 5581
159.420151 5632
159.421095 5683
159.422039 5733
159.422983 5783
159.600298 5832
159.601242 5881
159.602186 5929
159.603130 5977
159.604074 6025
159.781388 6072
159.782332 6119
159.783276 6165
159.784220 6211
159.785164 6257
159.962006 6302
159.962950 6347
159.963894 6392
159.964838 6436
159.965782 6480
160.142624 6524
160.143568 6568
160.144512 6611
160.145456 6654
160.146400 6697
160.147344 6739
160.324659 6781
160.325603 6823
160.326547 6865
160.327491 6906
160.328435 6947
160.329379 6988
160.505749 7029
160.506693 7069
160.507637 7109
160.508581 7149
160.509525 7189
160.510469 7228
160.686367 7267
160.687311 7306
160.688255 7345
160.689199 7384
160.690143 7422
160.691087 7460
160.866985 7498
160.867929 7536
160.868873 7574
160.869817 7611
160.870761 7648
160.871705 7685
161.048548 7722
161.049492 7759
161.050436 7796
161.051380 7832
161.052324 7868
161.053268 7904
161.054212 7940
161.229638 7976
161.230582 8012
161.231526 8047
161.232470 8082
161.233414 8117
161.234358 8152
161.235302 8187
161.410728 8222
161.411672 8256
161.412616 8290
161.413560 8324
161.414504 8358
161.415448 8392
161.416392 8426
161.591346 8460
161.592290 8493
161.593289 8526
161.594658 3484
161.954478 3566
161.955422 3646
161.956366 3724
162.135569 3801
162.136513 3876
162.137457 3950
162.316659 4022
162.317603 4093
162.318547 4163
162.497277 4232
162.498221 4299
162.499165 4365
162.677895 4430
162.678839 4494
162.679783 4557
162.680727 4620
162.858986 4682
162.859930 4743
162.860874 4803
162.861818 4862
163.040076 4921
163.041020 4979
163.041964 5036
163.042908 5093
163.220694 5149
163.221638 5204
163.222582 5259
163.223526 5313
163.401312 5367
163.402256 5420
163.403200 5473
163.404144 5525
163.581931 5576
163.582875 5627
163.583819 5678
163.584763 5728
163.585707 5778
163.763021 5827
163.763965 5876
163.764909 5924
163.766332 5972
163.943647 2412
164.128049 2531
164.304883 2644
164.309139 2752
164.486438 2856
164.490229 2956
164.667528 3053
164.670847 3147
164.848146 3238
164.851466 3326
165.029236 3412
165.030180 3496
165.032556 3578
165.210799 3658
165.211743 3736
165.213646 3812
165.391889 3887
165.392833 3960
165.394736 4032
165.572507 4103
165.573451 4173
165.575354 4241
165.753125 4308
165.754069 4374
165.755973 4439
165.933744 4503
165.934688 4566
165.935632 4628
165.937063 4690
166.115306 4751
166.116250 4811
166.117194 4870
166.118153 4928
166.296396 4986
166.297340 5043
166.298284 5099
166.299228 5155
166.477014 5210
166.477958 5265
166.478902 5319
166.479846 5373
166.657633 5426
166.658577 5478
166.659521 5530
166.660465 5581
166.661409 5632
166.838723 5683
166.839667 5733
166.840611 5783
166.841555 5832
166.842499 5881
167.020285 5929
167.021229 5977
167.022173 6025
167.023117 6072
167.024061 6119
167.201375 6165
167.202319 6211
167.203263 6257
167.204207 6302
167.205151 6347
167.381993 6392
167.382937 6436
167.383881 6480
167.384825 6524
167.385769 6568
167.562612 6611
167.563556 6654
167.564500 6697
167.565444 6739
167.566388 6781
167.567332 6823
167.744174 6865
167.745118 6906
167.746062 6947
167.747006 6988
167.747950 7029
167.748894 7069
167.925264 7109
167.926208 7149
167.927152 7189
167.928096 7228
167.929040 7267
167.929984 7306
168.105882 7345
168.106826 7384
168.107770 7422
168.108714 7460
168.109658 7498
168.110602 7536
168.286508 7574
168.287452 7611
168.288396 7648
168.289340 7685
168.290284 7722
168.291228 7759
168.292172 7796
168.467599 7832
168.468543 7868
168.469487 7904
168.470431 7940
168.471375 7976
168.472319 8012
168.473263 8047
168.648689 8082
168.649633 8117
168.650577 8152
168.651521 8187
168.652465 8222
168.653409 8256
168.654353 8290
168.829307 8324
168.830251 8358
168.831195 8392
168.832139 8426
168.833083 8460
168.834027 8493
168.834971 8526
169.010397 8559
169.011341 8592
169.012285 8625
169.013229 8658
169.014173 8691
169.015117 8724
169.016061 8756
169.191023 8788
169.191967 8820
169.192911 8852
169.193855 8884
169.194799 8916
169.195743 8948
169.196687 8980
169.197631 9011
169.372585 9042
169.373529 9073
169.374473 9104
169.375417 9135
169.376361 9166
169.377305 9197
169.378249 9228
169.379193 9259
169.553676 9290
169.554620 9320
169.555564 9350
169.556508 9380
169.557452 9410
169.558396 9440
169.559340 9470
169.560284 9500
169.734294 9530
169.735238 9560
169.736182 9590
169.737126 9619
169.738070 9648
169.739014 9677
169.739958 9706
169.740902 9735
169.914912 9764
169.915856 9793
169.916800 9822
169.917744 9851
169.918688 9880
169.919632 9909
169.920576 9937
169.921520 9965
169.922464 9993
170.096002 10021
170.096946 10049
170.097890 10077
170.098834 10105
170.099778 10133
170.100722 10161
170.101666 10189
170.102610 10217
170.103554 10245
170.277093 10273
170.278037 10300
170.278981 10327
170.279925 10354
170.280869 10381
170.281813 10408
170.282757 10435
170.283701 10462
170.284645 10489
170.457711 10516
170.458655 10543
170.459599 10570
170.460543 10597
170.461487 10624
170.462431 10651
170.463375 10677
170.464319 10703
170.465263 10729
170.638329 10755
170.639273 10781
170.640217 10807
170.641161 10833
170.642105 10859
170.643049 10885
170.643993 10911
170.644937 10937
170.645881 10963
170.646825 10989
170.819419 11015
170.820363 11041
170.821307 11067
170.822251 11092
170.823195 11117
170.824139 11142
170.825083 11167
170.826027 11192
170.826971 11217
170.827915 11242
171.000510 11267
171.001454 11292
171.002398 11317
171.003342 11342
171.004286 11367
171.005230 11392
171.006174 11417
171.007118 11442
171.008062 11467
171.009006 11492
171.181600 11516
171.182544 11540
171.183488 11564
171.184432 11588
171.185376 11612
171.186320 11636
171.187264 11660
171.188208 11684
171.189152 11708
171.190096 11732
171.362218 11756
171.363162 11780
171.364106 11804
171.365050 11828
171.365994 11852
171.366938 11876
171.367882 11900
171.368826 11924
171.369770 11948
171.370714 11972
171.542836 11995
171.543780 12018
171.544724 12041
171.545668 12064
171.546612 12087
171.547556 12110
171.548500 12133
171.549444 12156
171.550388 12179
171.551332 12202
171.552276 12225
171.723927 12248
171.724871 12271
171.725815 12294
171.726758 12317
171.727702 12340
171.728646 12363
171.729590 12386
171.730534 12409
171.731478 12432
171.732422 12455
171.733366 12478
171.905017 12501
171.905961 12523
171.906905 12545
171.907849 12567
171.908793 12589
171.909737 12611
171.910681 12633
171.911625 12655
171.912569 12677
171.913513 12699
171.914457 12721
172.085635 12743
172.086579 12765
172.087523 12787
172.088467 12809
172.089411 12831
172.090355 12853
172.091299 12875
172.092243 12897
172.093187 12919
172.094131 12941
172.095075 12963
172.266253 12985
172.267197 13007
172.268141 13029
172.269085 13051
172.270029 13073
172.270973 13094
172.271917 13115
172.272861 13136
172.273805 13157
172.274749 13178
172.275693 13199
172.276637 13220
172.447414 13241
172.448358 13262
172.449302 13283
172.450246 13304
172.451190 13325
172.452134 13346
172.453078 13367
172.454022 13388
172.454966 13409
172.455910 13430
172.456854 13451
172.457798 13472
172.628504 13493
172.629448 13514
172.630392 13535
172.631336 13556
172.632280 13577
172.633224 13598
172.635120 6164
172.992108 6210
172.993052 6256
172.993996 6301
172.994940 6346
172.995892 6391
173.172726 6435
173.173670 6479
173.174614 6523
173.175558 6567
173.176510 6610
173.353345 6653
173.354289 6696
173.355233 6738
173.356177 6780
173.357121 6822
173.358065 6864
173.534435 6905
173.535379 6946
173.536323 6987
173.537267 7028
173.538211 7068
173.539155 7108
173.715525 7148
173.716469 7188
173.717413 7227
173.718357 7266
173.719301 7305
173.720245 7344
173.896143 7383
173.897087 7421
173.898031 7459
173.898975 7497
173.899919 7535
173.900863 7573
174.076761 7610
174.077705 7647
174.078649 7684
174.079593 7721
174.080537 7758
174.081481 7795
174.082425 7831
174.257852 7867
174.258796 7903
174.259740 7939
174.260684 7975
174.261628 8011
174.262572 8046
174.263516 8081
174.438942 8116
174.439886 8151
174.440830 8186
174.441774 8221
174.442718 8255
174.444189 3484
174.803962 3566
174.804906 3646
174.805850 3724
174.985052 3801
174.985996 3876
174.986940 3950
175.166143 4022
175.167087 4093
175.168031 4163
175.346761 4232
175.347705 4299
175.348649 4365
175.527379 4430
175.528323 4494
175.529267 4557
175.530211 4620
175.708469 4682
175.709413 4743
175.710357 4803
175.711301 4862
175.889560 4921
175.890504 4979
175.891448 5036
175.892392 5093
176.070178 5149
176.071122 5204
176.072066 5259
176.073010 5313
176.250796 5367
176.251740 5420
176.252684 5473
176.253628 5525
176.431414 5576
176.432358 5627
176.433302 5678
176.434246 5728
176.435190 5778
176.612504 5827
176.613448 5876
176.614392 5924
176.615336 5972
176.616280 6020
176.793595 6067
176.794539 6114
176.795483 6160
176.796427 6206
176.797371 6252
176.974213 6297
176.975157 6342
176.976101 6387
176.977045 6431
176.977989 6475
177.154886 6519
177.156255 2680
177.516130 2787
177.517074 2890
177.696748 2989
177.697692 3085
177.877367 3178
177.878311 3268
178.057985 3355
178.058929 3440
178.059873 3523
178.239075 3604
178.240019 3683
178.240963 3761
178.420165 3837
178.421109 3911
178.422053 3984
178.600784 4056
178.601728 4126
178.602672 4195
178.781402 4263
178.782346 4330
178.783290 4396
178.962020 4461
178.962964 4525
178.963908 4588
178.964852 4650
179.143110 4711
179.144054 4771
179.144998 4831
179.145942 4890
179.324201 4948
179.325145 5006
179.326089 5063
179.327033 5119
179.504819 5175
179.505763 5230
179.506707 5284
179.507706 5338
179.685917 1876
180.046689 2029
180.227307 2170
180.407925 2302
180.408869 2426
180.589016 2544
180.589960 2656
180.770106 2764
180.771050 2867
180.951196 2967
180.952140 3063
181.131814 3156
181.132758 3247
181.312433 3335
181.313377 3421
181.314321 3504
181.493523 3585
181.494467 3665
181.495411 3743
181.674613 3819
181.675557 3894
181.676501 3967
181.855703 4039
181.856647 4110
181.857591 4179
182.036321 4247
182.037265 4314
182.038209 4380
182.216940 4445
182.217884 4509
182.218828 4572
182.219772 4634
182.398030 4695
182.398974 4756
182.399918 4816
182.400862 4875
182.579120 4933
182.580064 4991
182.581008 5048
182.581952 5104
182.759738 5160
182.760682 5215
182.761626 5270
182.762570 5324
182.940357 5377
182.941301 5430
182.942245 5482
182.943189 5534
183.120975 5585
183.121919 5636
183.122863 5686
183.123807 5736
183.124751 5786
183.302065 5835
183.303009 5884
183.303953 5932
183.304897 5980
183.305841 6028
183.483155 6075
183.484099 6122
183.485043 6168
183.485995 6214
183.486939 2412
183.847711 2531
183.848655 2644
184.028801 2752
184.029745 2856
184.209892 2956
184.210836 3053
184.390510 3147
184.391454 3238
184.571128 3326
184.572072 3412
184.573016 3496
184.752218 3578
184.753162 3658
184.932844 3736
184.933788 1072
185.295504 1340
185.476595 1554
185.657685 1738
185.838775 1903
186.019393 2053
186.200012 2192
186.380630 2323
186.381574 2446
186.561720 2563
186.562664 2675
186.742810 2782
186.743754 2885
186.923901 2984
186.924845 3080
187.104519 3173
187.105463 3263
187.285137 3351
187.286081 3436
187.287025 3519
187.466227 3600
187.467171 3679
187.468115 3757
187.647318 3833
187.648262 3907
187.649206 3980
187.827936 4052
187.828880 4122
187.829824 4191
188.008554 4259
188.009498 4326
188.010442 4392
188.189172 4457
188.190116 4521
188.191060 4584
188.192004 4646
188.370262 4707
188.371206 4768
188.372150 4828
188.373094 4887
188.551880 4945
188.553248 1608
188.914540 1786
189.094214 1946
189.455466 1072
189.816702 1340
189.997793 1554
190.178883 1738
190.359973 1903
190.540591 2053
190.721209 2192
190.901828 2323
190.902772 2446
191.082918 2563
191.083862 2675
191.264008 2782
191.445106 1072
191.806350 1340
191.987440 1554
192.168531 1738
192.349621 1903
192.530239 2053
192.710857 2192
192.891476 2323
192.892420 2446
193.072566 2563
193.073510 2675
193.253656 2782
193.254600 2885
193.434746 2984
193.435690 3080
193.615365 3173
193.616309 3263
193.795983 3351
193.796927 3436
193.797871 3519
193.977073 3600
193.978017 3679
193.978961 3757
194.158163 3833
194.159107 3907
194.160051 3980
194.338782 4052
194.339726 4122
194.340670 4191
194.519400 4259
194.520344 4326
194.521288 4392
194.700018 4457
194.700962 4521
194.701906 4584
194.702850 4646
194.881108 4707
194.882052 4768
194.882996 4828
194.883940 4887
195.062199 4945
195.063143 5003
195.064087 5060
195.065031 5116
195.242817 5172
195.243761 5227
195.244705 5281
195.245649 5335
195.423435 5388
195.424379 5441
195.425323 5493
195.426267 5545
195.604053 5596
195.604997 5647
195.605941 5697
195.606885 5747
195.607829 5796
195.785143 5845
195.786087 5894
195.787031 5942
195.787975 5990
195.788919 6037
195.966234 6084
195.967178 6131
195.968122 6177
195.969066 6223
195.970010 6269
196.146852 6314
196.147796 6359
196.148740 6404
196.149684 6448
196.150628 6492
196.327470 6536
196.328414 6579
196.329358 6622
196.330302 6665
196.331246 6708
196.332190 6750
196.508560 6792
196.509504 6834
196.510448 6876
196.511392 6917
196.512336 6958
196.513280 6999
196.689651 7040
196.690595 7080
196.691539 7120
196.692483 7160
196.693427 7200
196.694371 7239
196.870269 7278
196.871213 7317
196.872157 7356
196.873101 7395
196.874045 7433
196.874989 7471
197.050887 7509
197.051831 7547
197.052775 7585
197.053719 7622
197.054663 7659
197.055607 7696
197.231505 7733
197.232449 7770
197.233393 7806
197.234337 7842
197.235281 7878
197.236225 7914
197.237169 7950
197.412596 7986
197.413540 8021
197.414484 8056
197.415428 8091
197.416372 8126
197.417316 8161
197.418260 8196
197.593686 8231
197.594630 8265
197.595574 8299
197.596518 8333
197.597462 8367
197.598406 8401
197.599350 8435
197.774304 8469
197.775248 8502
197.776192 8535
197.777136 8568
197.779032 3484
198.138860 3566
198.139812 3646
198.318534 3724
198.319950 3801
198.320902 3876
198.499624 3950
198.501040 4022
198.501984 4093
198.680243 4163
198.681659 4232
198.682603 4299
198.860861 4365
198.862277 4430
198.863221 4494
198.864165 4557
199.041951 4620
199.043367 4682
199.044311 4743
199.045255 4803
199.223041 4862
199.224457 4921
199.225401 4979
199.226345 5036
199.404132 5093
199.405076 5149
199.406020 5204
199.406964 5259
199.584750 5313
199.585694 5367
199.586638 5420
199.587582 5473
199.765368 5525
199.766312 5576
199.767256 5627
199.768200 5678
199.769144 5728
199.946458 5778
199.947402 5827
199.948346 5876
199.949290 5924
199.950234 5972
200.127548 6020
200.128492 6067
200.129436 6114
200.130380 6160
200.131324 6206
200.308167 6252
200.309111 6297
200.311006 2412
200.671307 2531
200.672251 2644
200.852397 2752
200.853341 2856
201.033487 2956
201.034431 3053
201.214105 3147
201.215049 3238
201.394724 3326
201.395668 3412
201.396612 3496
201.575814 3578
201.576758 3658
201.577702 3736
201.756904 3812
201.757848 3887
201.758792 3960
201.937994 4032
201.938938 4103
201.939882 4173
202.118612 4241
202.119556 4308
202.120500 4374
202.299231 4439
202.300175 4503
202.301126 4566
202.479857 1608
202.663315 1786
202.843933 1946
203.024551 2093
203.205169 2230
203.385787 2358
203.386731 2479
203.566878 2594
203.567822 2704
203.747968 2810
203.748912 2912
203.928586 3010
203.929530 3105
204.109204 3197
204.110148 3286
204.289823 3373
204.290767 3458
204.291711 3541
204.470913 3622
204.471857 3701
204.472801 3778
204.652003 3854
204.652947 3928
204.653891 4001
204.832621 4072
204.833565 4142
204.834509 4211
205.013240 4279
205.014184 4346
205.015128 4412
205.193858 4477
205.194802 4541
205.195746 4604
205.196690 4666
205.374948 4727
205.375892 4787
205.376836 4847
205.377780 4906
205.556038 4964
205.556982 5021
205.557926 5078
205.558870 5134
205.736657 5189
205.737601 5244
205.738545 5298
205.739489 5352
205.917275 5405
205.918219 5458
205.919163 5510
205.920107 5562
206.097893 5613
206.098837 5664
206.099781 5714
206.100725 5764
206.101669 5813
206.278983 5862
206.279927 5911
206.280871 5959
206.281815 6007
206.282759 6054
206.460073 6101
206.461017 6148
206.461961 6194
206.462905 6240
206.463849 6286
206.640692 6331
206.641636 6376
206.642580 6421
206.643524 6465
206.644468 6509
206.821310 6553
206.822254 6596
206.823198 6639
206.824142 6682
206.825086 6724
206.826030 6766
207.002400 6808
207.003344 6850
207.005240 2680
207.365060 2787
207.366012 2890
207.545679 2989
207.546630 3085
207.726297 3178
207.727249 3268
207.906970 3355
207.908346 1072
208.269630 1340
208.450720 1554
208.631811 1738
208.812901 1903
208.993519 2053
209.174137 2192
209.354756 2323
209.355700 2446
209.535846 2563
209.536790 2675
209.716936 2782
209.717880 2885
209.898026 2984
209.898970 3080
210.078644 3173
210.079588 3263
210.259263 3351
210.260207 3436
210.261151 3519
210.440353 3600
210.441297 3679
210.442241 3757
210.622395 1340
210.983639 1554
211.164729 1738
211.345819 1903
211.526438 2053
211.707056 2192
211.887674 2323
211.888618 2446
212.068764 2563
212.249862 1072
212.611106 1340
212.792197 1554
212.973287 1738
213.154377 1903
213.334995 2053
213.515614 2192
213.696232 2323
213.697176 2446
213.877322 2563
213.878266 2675
214.058412 2782
214.059356 2885
214.239503 2984
214.240447 3080
214.420121 3173
214.421065 3263
214.600739 3351
214.601683 3436
214.602627 3519
214.781829 3600
214.782773 3679
214.783717 3757
214.962920 3833
214.963864 3907
214.964808 3980
215.143538 4052
215.144482 4122
215.145426 4191
215.324156 4259
215.325100 4326
215.326044 4392
215.504774 4457
215.505718 4521
215.506662 4584
215.507606 4646
215.685865 4707
215.686809 4768
215.687752 4828
215.688696 4887
215.866955 4945
215.867899 5003
215.868843 5060
215.869787 5116
216.047573 5172
216.048517 5227
216.049461 5281
216.050405 5335
216.228191 5388
216.229135 5441
216.230079 5493
216.231023 5545
216.408809 5596
216.409753 5647
216.410697 5697
216.411641 5747
216.412585 5796
216.589900 5845
216.590844 5894
216.591788 5942
216.592732 5990
216.593676 6037
216.770990 6084
216.771934 6131
216.772878 6177
216.773822 6223
216.774766 6269
216.951608 6314
216.952552 6359
216.953496 6404
216.954440 6448
216.955384 6492
217.132226 6536
217.133170 6579
217.134114 6622
217.135058 6665
217.136002 6708
217.136946 6750
217.313317 6792
217.314261 6834
217.315205 6876
217.316149 6917
217.317093 6958
217.318037 6999
217.494407 7040
217.495351 7080
217.496295 7120
217.497239 7160
217.498183 7200
217.499127 7239
217.675025 7278
217.675969 7317
217.676913 7356
217.677857 7395
217.678801 7433
217.679745 7471
217.855643 7509
217.856587 7547
217.857531 7585
217.858475 7622
217.859419 7659
217.860363 7696
218.036262 7733
218.037206 7770
218.038150 7806
218.039094 7842
218.040038 7878
218.040982 7914
218.041926 7950
218.217352 7986
218.218296 8021
218.219240 8056
218.220184 8091
218.221128 8126
218.222072 8161
218.223016 8196
218.398442 8231
218.399386 8265
218.400330 8299
218.401274 8333
218.402218 8367
218.403162 8401
218.404106 8435
218.579060 8469
218.580004 8502
218.580948 8535
218.581892 8568
218.582836 8601
218.583780 8634
218.584724 8667
218.759679 8700
218.760623 8733
218.761567 8765
218.762511 8797
218.763455 8829
218.764399 8861
218.765343 8893
218.766287 8925
218.940769 8957
218.941713 8989
218.942657 9020
218.943601 9051
218.944545 9082
218.945489 9113
218.946433 9144
218.947377 9175
219.121859 9206
219.122803 9237
219.123747 9268
219.124691 9298
219.125635 9328
219.126579 9358
219.127523 9388
219.128467 9418
219.302477 9448
219.303421 9478
219.304365 9508
219.305309 9538
219.306253 9568
219.307197 9598
219.308141 9627
219.309085 9656
219.483095 9685
219.484039 9714
219.484983 9743
219.485927 9772
219.486871 9801
219.487815 9830
219.488759 9859
219.489703 9888
219.490647 9917
219.664186 9945
219.665130 9973
219.666074 10001
219.667018 10029
219.667962 10057
219.668906 10085
219.669850 10113
219.670794 10141
219.671738 10169
219.845276 10197
219.846220 10225
219.847164 10253
219.848108 10281
219.849052 10308
219.849996 10335
219.850940 10362
219.851884 10389
219.852828 10416
220.026366 10443
220.027310 10470
220.028254 10497
220.029198 10524
220.030142 10551
220.031086 10578
220.032030 10605
220.032974 10632
220.033918 10659
220.206984 10685
220.207928 10711
220.208872 10737
220.209816 10763
220.210760 10789
220.211704 10815
220.212648 10841
220.213592 10867
220.214536 10893
220.387603 10919
220.388547 10945
220.389491 10971
220.390435 10997
220.391379 11023
220.392323 11049
220.393267 11075
220.394211 11100
220.395155 11125
220.396099 11150
220.568693 11175
220.569637 11200
220.570581 11225
220.571525 11250
220.572469 11275
220.573413 11300
220.574357 11325
220.575301 11350
220.576245 11375
220.577189 11400
220.749783 11425
220.750727 11450
220.751671 11475
220.752615 11500
220.753559 11524
220.754503 11548
220.755447 11572
220.756391 11596
220.757335 11620
220.758279 11644
220.930401 11668
220.931345 11692
220.932344 11716
220.933713 5092
221.473215 5148
221.474159 5203
221.475119 5258
221.481247 5312
221.653834 5366
221.654778 5419
221.655737 5472
221.661865 5524
221.834452 5576
221.835396 5627
221.836340 5678
221.837284 5728
221.842956 5778
222.015542 5827
222.016486 5876
222.017430 5924
222.018374 5972
222.024046 6020
222.196632 6067
222.197576 6114
222.198520 6160
222.199464 6206
222.204664 6252
222.377251 6297
222.378195 6342
222.379139 6387
222.380083 6431
222.385282 6475
222.557869 6519
222.558813 6563
222.559757 6606
222.560701 6649
222.565955 6692
222.738495 2680
222.927200 2787
222.928144 2890
223.107818 2989
223.108762 3085
223.288436 3178
223.289380 3268
223.469054 3355
223.469998 3440
223.470942 3523
223.650144 3604
223.651088 3683
223.652032 3761
223.831235 3837
223.832179 3911
223.833123 3984
224.011853 4056
224.012797 4126
224.013741 4195
224.192471 4263
224.193415 4330
224.194359 4396
224.373089 4461
224.374033 4525
224.374977 4588
224.375921 4650
224.554180 4711
224.555124 4771
224.556068 4831
224.557012 4890
224.735270 4948
224.737166 1876
225.097938 2029
225.278556 2170
225.459174 2302
225.460118 2426
225.640264 2544
225.641208 2656
225.821355 2764
225.822299 2867
226.002445 2967
226.003389 3063
226.183063 3156
226.184007 3247
226.363681 3335
226.364625 3421
226.365569 3504
226.544772 3585
226.545716 3665
226.546660 3743
226.725862 3819
226.726806 3894
226.727750 3967
226.906952 4039
226.907896 4110
226.908840 4179
227.087570 4247
227.088514 4314
227.089458 4380
227.268189 4445
227.269133 4509
227.270077 4572
227.271021 4634
227.449279 4695
227.450223 4756
227.451167 4816
227.452111 4875
227.630369 4933
227.631313 4991
227.632257 5048
227.633201 5104
227.810987 5160
227.811931 5215
227.812875 5270
227.813819 5324
227.991606 5377
227.992550 5430
227.993494 5482
227.994438 5534
228.172224 5585
228.173168 5636
228.174112 5686
228.175056 5736
228.176000 5786
228.353314 5835
228.354258 5884
228.355202 5932
228.356146 5980
228.357090 6028
228.534404 6075
228.535348 6122
228.536292 6168
228.537236 6214
228.538180 6260
228.715022 6305
228.715966 6350
228.716910 6395
228.717854 6439
228.718798 6483
228.895641 6527
228.896585 6571
228.897529 6614
228.898473 6657
228.899417 6700
228.900361 6742
229.076731 6784
229.077675 6826
229.078619 6868
229.079563 6909
229.080507 6950
229.081451 6991
229.257821 7032
229.258765 7072
229.259709 7112
229.260653 7152
229.261597 7192
229.262541 7231
229.438439 7270
229.439383 7309
229.440327 7348
229.441271 7387
229.442215 7425
229.443159 7463
229.619058 7501
229.620002 7539
229.620946 7577
229.621890 7614
229.622834 7651
229.623778 7688
229.799676 7725
229.800620 7762
229.801564 7799
229.802508 7835
229.803452 7871
229.804396 7907
229.805340 7943
229.980766 7979
229.981710 8015
229.982654 8050
229.983598 8085
229.984542 8120
229.985486 8155
229.986430 8190
230.161856 8225
230.162800 8259
230.163744 8293
230.164688 8327
230.165632 8361
230.166576 8395
230.167520 8429
230.342475 8463
230.343419 8496
230.344363 8529
230.345307 8562
230.346251 8595
230.347195 8628
230.348139 8661
230.523093 8694
230.524037 8727
230.524981 8759
230.525925 8791
230.526869 8823
230.527813 8855
230.528757 8887
230.529701 8919
230.704183 8951
230.705127 8983
230.706071 9014
230.707015 9045
230.707959 9076
230.708903 9107
230.709847 9138
230.710791 9169
230.885273 9200
230.886217 9231
230.887161 9262
230.888105 9293
230.889049 9323
230.889993 9353
230.890937 9383
230.891881 9413
231.065892 9443
231.066836 9473
231.067780 9503
231.068724 9533
231.069668 9563
231.070612 9593
231.071556 9622
231.072500 9651
231.246510 9680
231.247454 9709
231.248398 9738
231.249342 9767
231.250286 9796
231.251230 9825
231.252174 9854
231.253118 9883
231.254062 9912
231.427600 9940
231.428544 9968
231.429488 9996
231.430432 10024
231.431376 10052
231.432320 10080
231.433264 10108
231.434208 10136
231.435152 10164
231.608690 10192
231.609634 10220
231.610578 10248
231.611522 10276
231.612466 10303
231.613410 10330
231.614354 10357
231.615298 10384
231.616242 10411
231.789780 10438
231.790724 10465
231.791668 10492
231.792612 10519
231.793556 10546
231.794500 10573
231.795444 10600
231.796388 10627
231.797332 10654
231.970399 10680
231.971343 10706
231.972287 10732
231.973231 10758
231.974175 10784
231.975119 10810
231.976063 10836
231.977007 10862
231.977951 10888
232.151017 10914
232.151961 10940
232.152905 10966
232.153849 10992
232.154793 11018
232.155737 11044
232.156681 11070
232.157625 11095
232.158569 11120
232.159513 11145
232.332107 11170
232.333051 11195
232.333995 11220
232.334939 11245
232.335883 11270
232.336827 11295
232.337771 11320
232.338715 11345
232.339659 11370
232.340603 11395
232.513197 11420
232.514141 11445
232.515085 11470
232.516029 11495
232.516973 11519
232.517917 11543
232.518861 11567
232.519805 11591
232.520749 11615
232.521693 11639
232.693816 11663
232.694760 11687
232.695704 11711
232.696648 11735
232.697592 11759
232.698536 11783
232.699480 11807
232.700424 11831
232.701368 11855
232.702312 11879
232.874434 11903
232.875378 11927
232.876322 11951
232.877266 11975
232.878210 11998
232.879154 12021
232.880098 12044
232.881042 12067
232.881986 12090
232.882930 12113
232.883874 12136
233.055524 12159
233.056468 12182
233.057412 12205
233.058356 12228
233.059300 12251
233.060244 12274
233.061188 12297
233.062132 12320
233.063076 12343
233.064020 12366
233.064964 12389
233.236614 12412
233.237558 12435
233.238502 12458
233.239446 12481
233.240390 12504
233.241334 12526
233.242278 12548
233.243222 12570
233.244166 12592
233.245110 12614
233.246054 12636
233.417233 12658
233.418177 12680
233.419121 12702
233.420065 12724
233.421009 12746
233.421953 12768
233.422897 12790
233.423841 12812
233.424785 12834
233.425729 12856
233.426673 12878
233.597851 12900
233.599739 12922
233.600683 12944
233.601627 12966
233.602571 12988
233.603515 13010
233.604459 13032
233.605403 13054
233.606347 13076
233.607291 13097
233.778949 5896
233.967119 5944
233.968063 5992
233.969007 6039
233.969951 6086
234.139721 6133
234.147737 6179
234.148681 6225
234.149625 6271
234.150569 6316
234.320339 6361
234.328355 6406
234.329299 6450
234.330243 6494
234.331187 6538
234.500957 6581
234.508974 6624
234.509918 6667
234.510862 6710
234.511806 6752
234.512750 6794
234.682048 6836
234.690064 6878
234.691008 6919
234.691952 6960
234.692896 7001
234.693840 7042
234.863138 7082
234.871154 7122
234.872098 7162
234.873042 7202
234.873986 7241
234.874930 7280
235.043756 7319
235.051772 7358
235.052716 7397
235.053660 7435
235.054604 7473
235.055548 7511
235.224374 7549
235.232391 7587
235.233335 7624
235.234279 7661
235.235223 7698
235.236167 7735
235.237111 7772
235.405465 7808
235.413481 7844
235.414425 7880
235.415369 7916
235.416313 7952
235.417257 7988
235.418201 8023
235.586555 8058
235.594571 8093
235.595515 8128
235.596459 8163
235.597403 8198
235.598347 8233
235.599291 8267
235.767645 8301
235.775189 8335
235.776133 8369
235.777077 8403
235.778021 8437
235.778965 8471
235.779909 8504
235.948263 8537
235.955808 8570
235.956752 8603
235.957696 8636
235.958640 8669
235.959584 8702
235.960528 8735
236.128882 8767
236.136426 8799
236.137370 8831
236.138314 8863
236.139258 8895
236.140202 8927
236.141146 8959
236.142090 8991
236.309972 9022
236.317516 9053
236.318460 9084
236.319404 9115
236.320348 9146
236.321292 9177
236.322236 9208
236.323180 9239
236.491062 9270
236.498606 9300
236.499550 9330
236.500494 9360
236.501438 9390
236.502382 9420
236.503326 9450
236.504270 9480
236.671680 9510
236.679225 9540
236.680169 9570
236.681113 9600
236.682057 9629
236.683001 9658
236.683945 9687
236.684889 9716
236.852298 9745
236.859843 9774
236.860787 9803
236.861731 9832
236.862675 9861
236.863619 9890
236.864563 9919
236.865507 9947
236.866451 9975
237.033389 10003
237.040933 10031
237.041877 10059
237.042821 10087
237.043765 10115
237.044709 10143
237.045653 10171
237.046597 10199
237.047541 10227
237.214479 10255
237.222023 10283
237.222967 10310
237.223911 10337
237.224855 10364
237.225799 10391
237.226743 10418
237.227687 10445
237.228631 10472
237.395097 10499
237.402641 10526
237.403585 10553
237.404529 10580
237.405473 10607
237.406417 10634
237.407361 10661
237.408305 10687
237.409249 10713
237.575715 10739
237.583260 10765
237.584204 10791
237.585148 10817
237.586092 10843
237.587036 10869
237.587980 10895
237.588924 10921
237.589868 10947
237.756334 10973
237.757278 10999
237.764350 11025
237.765294 11051
237.766238 11076
237.767182 11101
237.768126 11126
237.769070 11151
237.770014 11176
237.770958 11201
237.937424 11226
237.938368 11251
237.945440 11276
237.946384 11301
237.947328 11326
237.948272 11351
237.949216 11376
237.950160 11401
237.951104 11426
237.952048 11451
238.118514 11476
238.119458 11501
238.126530 11525
238.127474 11549
238.128418 11573
238.129362 11597
238.130306 11621
238.131250 11645
238.132194 11669
238.133138 11693
238.299132 11717
238.300076 11741
238.307149 11765
238.308093 11789
238.309037 11813
238.309981 11837
238.310925 11861
238.311869 11885
238.312813 11909
238.313757 11933
238.479751 11957
238.480695 11981
238.487767 12004
238.488711 12027
238.489655 12050
238.490599 12073
238.491543 12096
238.492495 12119
238.493439 5360
238.851371 5413
238.852315 5466
238.853259 5518
238.854211 5570
238.855155 5621
239.032461 5672
239.033405 5722
239.034349 5772
239.035301 5821
239.036245 5870
239.213552 5918
239.214496 5966
239.215440 6014
239.216391 6061
239.217335 6108
239.394642 6155
239.395586 6201
239.396530 6247
239.397474 6292
239.398425 6337
239.575740 2412
239.760142 2531
239.936984 2644
239.941232 2752
240.118074 2856
240.122322 2956
240.298692 3053
240.302940 3147
240.479311 3238
240.483559 3326
240.659929 3412
240.660873 3496
240.664649 3578
240.841019 3658
240.841963 3736
240.845739 3812
241.022109 3887
241.023053 3960
241.026829 4032
241.202727 4103
241.203671 4173
241.207447 4241
241.383346 4308
241.384345 4374
241.388545 1608
241.749318 1786
241.929936 1946
242.110554 2093
242.291172 2230
242.471791 2358
242.472735 2479
242.652881 2594
242.653825 2704
242.833971 2810
242.834915 2912
243.014589 3010
243.015533 3105
243.195207 3197
243.196151 3286
243.375826 3373
243.376770 3458
243.377714 3541
243.556916 3622
243.557860 3701
243.558804 3778
243.738006 3854
243.738950 3928
243.739894 4001
243.918624 4072
243.919568 4142
243.920512 4211
244.099243 4279
244.100187 4346
244.101131 4412
244.279861 4477
244.281757 1608
244.642529 1786
244.823147 1946
245.003765 2093
245.184383 2230
245.365002 2358
245.365946 2479
245.546092 2594
245.547036 2704
245.727182 2810
245.728126 2912
245.907800 3010
245.908744 3105
246.088419 3197
246.089363 3286
246.269037 3373
246.269981 3458
246.270925 3541
246.450127 3622
246.451071 3701
246.452015 3778
246.631217 3854
246.632161 3928
246.633105 4001
246.811836 4072
246.812780 4142
246.813724 4211
246.992454 4279
246.993398 4346
246.994342 4412
247.173072 4477
247.174016 4541
247.174960 4604
247.175904 4666
247.354162 4727
247.355106 4787
247.356050 4847
247.356994 4906
247.535252 4964
247.536196 5021
247.537140 5078
247.538084 5134
247.715871 5189
247.716815 5244
247.717759 5298
247.718703 5352
247.896489 5405
247.897433 5458
247.898377 5510
247.899321 5562
248.077107 5613
248.078051 5664
248.078995 5714
248.079939 5764
248.080883 5813
248.258197 5862
248.259141 5911
248.260085 5959
248.261029 6007
248.261973 6054
248.439288 6101
248.440232 6148
248.441176 6194
248.442120 6240
248.443064 6286
248.619906 6331
248.620850 6376
248.621794 6421
248.622738 6465
248.623682 6509
248.800524 6553
248.801468 6596
248.802412 6639
248.803356 6682
248.804300 6724
248.805244 6766
248.981614 6808
248.982558 6850
248.983502 6891
248.984446 6932
248.985390 6973
248.986334 7014
249.162705 7054
249.163649 7094
249.164593 7134
249.165537 7174
249.166481 7214
249.167425 7253
249.343323 7292
249.344267 7331
249.345211 7370
249.346155 7408
249.347099 7446
249.348043 7484
249.523941 7522
249.524885 7560
249.525829 7598
249.526773 7635
249.527717 7672
249.528661 7709
249.704559 7746
249.705503 7783
249.706447 7819
249.707391 7855
249.708335 7891
249.709279 7927
249.710223 7963
249.885650 7999
249.886594 8034
249.887538 8069
249.888482 8104
249.889426 8139
249.890370 8174
249.891314 8209
250.066740 8243
250.067684 8277
250.068628 8311
250.069572 8345
250.070516 8379
250.071460 8413
250.072404 8447
250.247358 8481
250.248302 8514
250.249246 8547
250.250190 8580
250.251134 8613
250.252078 8646
250.253022 8679
250.427976 8712
250.428920 8744
250.429864 8776
250.430808 8808
250.431752 8840
250.432696 8872
250.433640 8904
250.434584 8936
250.609546 8968
250.610490 3752
250.795828 3828
250.970790 3903
250.971734 3976
250.976447 4048
251.151409 4118
251.152353 4187
251.157065 4255
251.332027 4322
251.332971 4388
251.337683 4453
251.512645 4517
251.513589 4580
251.514533 4642
251.518773 4703
251.693735 4764
251.694679 4824
251.695623 4883
251.699864 4941
251.874826 4999
251.875770 5056
251.876714 5112
251.880482 5168
252.055444 5223
252.056388 5278
252.057332 5332
252.061100 5385
252.236062 5438
252.237006 5490
252.237950 5542
252.241718 5593
252.242662 5644
252.417152 5694
252.418096 5744
252.419040 5794
252.422809 5843
252.423753 5892
252.598242 5940
252.599186 5988
252.600130 6035
252.603899 6082
252.604843 6129
252.779340 6175
252.780284 2412
253.141057 2531
253.142001 2644
253.322147 2752
253.323091 2856
253.503237 2956
253.504181 3053
253.683855 3147
253.684799 3238
253.864473 3326
253.865417 3412
253.866361 3496
254.045564 3578
254.046508 3658
254.047452 3736
254.226654 3812
254.227598 3887
254.228542 3960
254.407744 4032
254.408688 4103
254.409632 4173
254.588362 4241
254.589306 4308
254.590250 4374
254.768981 4439
254.769925 4503
254.770869 4566
254.771813 4628
254.950071 4690
254.951015 4751
254.951959 4811
254.952903 4870
255.131161 4928
255.132105 4986
255.133049 5043
255.133993 5099
255.311779 5155
255.312723 5210
255.313667 5265
255.314611 5319
255.492398 5373
255.493342 5426
255.494286 5478
255.495230 5530
255.673016 5581
255.673960 5632
255.674904 5683
255.675848 5733
255.676792 5783
255.854106 5832
255.855050 5881
255.855994 5929
255.856938 5977
255.857882 6025
256.035196 6072
256.036140 6119
256.037084 6165
256.038028 6211
256.038972 6257
256.215815 6302
256.216759 6347
256.217703 6392
256.218647 6436
256.219591 6480
256.396433 6524
256.397377 6568
256.398321 6611
256.399265 6654
256.400209 6697
256.401153 6739
256.577523 6781
256.578467 6823
256.579411 6865
256.580355 6906
256.581299 6947
256.582243 6988
256.758613 7029
256.759557 7069
256.760501 7109
256.761445 7149
256.762389 7189
256.763333 7228
256.939232 7267
256.940176 7306
256.941120 7345
256.942064 7384
256.943007 7422
256.943951 7460
257.119850 7498
257.120794 7536
257.121738 7574
257.122682 7611
257.123626 7648
257.124570 7685
257.300468 7722
257.301412 7759
257.302356 7796
257.303780 3216
257.663600 3305
257.664544 3391
257.665488 3475
257.844690 3557
257.845634 3637
257.846578 3715
258.025781 3792
258.026725 3867
258.027669 3941
258.206871 4013
258.207815 4084
258.208759 4154
258.387489 4223
258.388433 4291
258.389377 4357
258.568107 4422
258.569051 4486
258.569995 4550
258.570939 4613
258.749198 4675
258.750142 4736
258.751086 4796
258.752030 4855
258.930288 4914
258.931232 4972
258.932176 5029
258.933120 5086
259.110906 5142
259.111850 5197
259.112794 5252
259.113738 5306
259.291524 5360
259.292468 5413
259.293412 5466
259.294356 5518
259.472142 5570
259.473086 5621
259.474030 5672
259.474974 5722
259.475918 5772
259.653233 5821
259.654177 5870
259.655121 5918
259.656065 5966
259.657009 6014
259.834323 6061
259.835267 6108
259.836211 6155
259.837155 6201
259.838099 6247
260.014941 6292
260.015885 6337
260.016829 6382
260.017773 6427
260.018717 6471
260.195559 6515
260.196503 6559
260.197447 6602
260.198391 6645
260.199335 6688
260.200279 6730
260.376650 6772
260.377594 6814
260.378538 6856
260.379482 6897
260.380426 6938
260.381370 6979
260.557740 7020
260.558684 7060
260.559628 7100
260.560572 7140
260.561996 7180
260.562940 2948
260.923240 3045
260.924184 3139
261.103858 3230
261.104802 3318
261.284476 3404
261.285420 3488
261.286364 3570
261.465566 3650
261.466510 3728
261.467454 3805
261.646657 3880
261.647601 3954
261.648545 4026
261.827275 4097
261.828219 4167
261.829163 4235
262.007893 4302
262.008837 4368
262.009781 4433
262.188511 4497
262.189455 4560
262.190399 4623
262.191343 4685
262.369602 4746
262.370546 4806
262.371490 4865
262.372434 4924
262.550692 4982
262.551636 5039
262.552580 5096
262.553524 5152
262.731310 5207
262.732254 5262
262.733198 5316
262.734142 5370
262.911928 5423
262.912872 5475
262.913816 5527
262.914760 5578
262.915704 5629
263.093019 5680
263.093963 5730
263.094907 5780
263.095851 5829
263.096795 5878
263.274109 5926
263.275053 5974
263.275997 6022
263.276941 6069
263.277885 6116
263.455199 6162
263.456143 6208
263.457087 6254
263.458031 6299
263.458975 6344
263.635817 6389
263.636761 6433
263.637705 6477
263.638649 6521
263.639593 6565
263.816436 6608
263.817380 6651
263.818324 6694
263.819268 6736
263.820212 6778
263.821156 6820
263.997526 6862
263.998470 6903
263.999414 6944
264.000358 6985
264.001302 7026
264.002246 7066
264.178616 7106
264.179560 7146
264.180504 7186
264.181448 7225
264.182392 7264
264.183336 7303
264.359234 7342
264.360178 7381
264.361122 7419
264.362066 7457
264.363010 7495
264.363954 7533
264.539852 7571
264.540796 7608
264.541740 7645
264.542684 7682
264.543628 7719
264.544572 7756
264.545516 7793
264.720943 7829
264.721887 7865
264.722831 7901
264.723775 7937
264.724719 7973
264.725663 8009
264.726607 8044
264.902033 8079
264.902977 8114
264.903921 8149
264.904865 8184
264.905809 8219
264.906753 8253
264.907697 8287
265.082651 8321
265.083595 8355
265.084539 8389
265.085483 8423
265.086427 8457
265.087371 8490
265.088315 8523
265.263269 8556
265.264213 8589
265.265157 8622
265.266101 8655
265.267045 8688
265.267989 8721
265.268933 8753
265.443888 8785
265.444832 8817
265.445776 8849
265.446720 8881
265.447664 8913
265.448608 8945
265.449552 8977
265.450496 9009
265.624978 9040
265.625922 9071
265.626866 9102
265.627810 9133
265.628754 9164
265.629698 9195
265.630642 9226
265.631586 9257
265.806068 9288
265.807012 9318
265.807956 9348
265.808900 9378
265.809844 9408
265.810788 9438
265.811732 9468
265.812676 9498
265.986686 9528
265.987630 9558
265.988574 9588
265.989518 9617
265.990462 9646
265.991406 9675
265.992350 9704
265.993294 9733
266.167305 9762
266.168249 9791
266.169193 9820
266.170137 9849
266.171081 9878
266.172025 9907
266.172969 9935
266.173913 9963
266.174857 9991
266.348395 10019
266.349339 10047
266.350283 10075
266.351227 10103
266.352171 10131
266.353115 10159
266.354059 10187
266.355003 10215
266.529493 4556
266.717199 4619
266.718143 4681
266.890745 4742
266.896409 4802
266.897817 4861
266.898761 4920
267.071363 4978
267.077499 5035
267.078907 5092
267.079851 5148
267.251981 5203
267.258117 5258
267.259525 5312
267.260469 5366
267.432599 5419
267.438735 5472
267.440144 5524
267.441088 5576
267.442032 5627
267.613690 5678
267.619826 5728
267.621234 5778
267.622178 5827
267.623122 5876
267.800451 5924
267.801860 2412
268.162640 2531
268.163584 2644
268.343730 2752
268.344674 2856
268.524820 2956
268.525764 3053
268.705438 3147
268.706382 3238
268.886057 3326
268.887001 3412
268.887945 3496
269.067147 3578
269.068091 3658
269.069035 3736
269.248237 3812
269.249181 3887
269.250125 3960
269.429327 4032
269.430271 4103
269.431215 4173
269.609945 4241
269.610889 4308
269.611833 4374
269.790564 4439
269.791508 4503
269.792452 4566
269.793396 4628
269.971654 4690
269.972598 4751
269.973542 4811
269.974486 4870
270.152744 4928
270.153688 4986
270.154632 5043
270.155576 5099
270.333362 5155
270.334306 5210
270.335250 5265
270.336194 5319
270.513981 5373
270.514925 5426
270.515869 5478
270.516813 5530
270.694599 5581
270.695543 5632
270.696487 5683
270.697431 5733
270.698375 5783
270.875689 5832
270.876633 5881
270.877577 5929
270.878521 5977
270.879465 6025
271.056779 6072
271.057723 6119
271.058667 6165
271.059611 6211
271.060555 6257
271.237398 6302
271.238342 6347
271.239286 6392
271.240230 6436
271.241174 6480
271.418016 6524
271.418960 6568
271.419904 6611
271.420848 6654
271.421792 6697
271.422736 6739
271.599106 6781
271.600050 6823
271.600994 6865
271.601613 6906
